10-Tao1R1_1,118.70749322466479,118.71878295985255,9.510549739587924E-5,0.791042232,[[0, 6, 8, 7, 4, 3, 10, 9, 5, 2]]
10-Tao1R5_1,107.5104360286875,107.51760596847294,6.66906400000258E-5,15.256284734,[[0, 3, 5, 8, 2, 9, 1, 6, 7]]
10-Tao1R9_1,93.61922802231251,93.62681031714042,8.09907856332387E-5,3.64956287,[[0, 2, 7, 9, 8, 3, 5, 6, 1, 10, 4]]
10-Tao5R1_1,98.53609451775,98.53609451775,0.0,0.195579654,[[0, 3, 1, 6, 8, 7, 9, 10]]
10-Tao5R5_1,98.62333338056251,98.62589922946874,2.601665162062509E-5,0.638984674,[[0, 5, 2, 8, 1, 3, 10, 6, 9]]
10-Tao5R9_1,102.46630342750001,102.47645553132,9.907748674825332E-5,0.719248304,[[0, 6, 1, 3, 9, 7, 8, 4, 2]]
10-Tao9R1_1,57.6972298290625,57.6972298290625,0.0,0.037965759,[[0, 1, 2, 4, 6, 5]]
10-Tao9R5_1,75.33719587395538,75.33719587395538,0.0,0.044590084,[[0, 5, 7, 3, 4, 10, 8, 9]]
10-Tao9R9_1,106.5063306704375,106.5063306704375,0.0,0.121446219,[[0, 7, 1, 8, 3, 5, 9, 6]]
15-Tao1R1_1,135.4663034275,135.47964584181253,9.849249573455081E-5,121.475640938,[[0, 15, 8, 12, 7, 14, 10, 9, 4, 1, 6, 13, 5, 11]]
15-Tao1R5_1,212.58241768993747,212.59351580833774,5.220619146618045E-5,3.358818148,[[0, 6, 10, 12, 9, 4, 13, 11, 3, 15, 14, 5, 8, 1, 2, 7]]
15-Tao1R9_1,160.08773680268752,160.103739739815,9.996354153728812E-5,8.709175875,[[0, 15, 13, 14, 6, 8, 5, 9, 11, 4, 3, 7, 2, 10, 12]]
15-Tao5R1_1,147.32194596985417,147.336677637079,9.999642027418513E-5,158.064368368,[[0, 8, 14, 3, 10, 4, 9, 12, 15, 1, 13, 7]]
15-Tao5R5_1,160.24564042156248,160.2616645651394,9.99973761204897E-5,106.810910705,[[0, 4, 12, 2, 13, 15, 1, 11, 8, 3, 6, 7, 10]]
15-Tao5R9_1,135.74594808614614,135.7590673353713,9.66456046026539E-5,30.164788913,[[0, 4, 8, 12, 11, 6, 7, 5, 2, 3, 9, 15, 13, 10]]
15-Tao9R1_1,117.44475029668749,117.44552996689582,6.63861267839459E-6,0.106129443,[[0, 14, 6, 8, 1, 11, 4, 10, 9, 5]]
15-Tao9R5_1,138.58364591168754,138.58419061561452,3.93050654276716E-6,0.190835038,[[0, 14, 1, 9, 10, 6, 12, 15, 3, 11, 5, 8, 13]]
15-Tao9R9_1,90.63975481356248,90.63975481356248,0.0,0.300478362,[[0, 12, 7, 6, 2, 5, 13, 1]]
20-Tao1R1_1,207.2650357395003,207.28575602380985,9.99699936635414E-5,2205.145054911,[[0, 4, 18, 19, 6, 7, 1, 13, 12, 14, 5, 15, 3, 20, 8, 10, 16, 17]]
20-Tao1R5_1,220.5749745265834,220.59702853732531,9.998419262769744E-5,1426.634514091,[[0, 15, 3, 11, 2, 20, 4, 5, 17, 1, 10, 18, 9, 12, 13, 8, 6, 14, 7, 16, 19]]
20-Tao1R9_1,231.0908014229375,231.10027660725356,4.1001996867578714E-5,135.04476568,[[0, 16, 10, 7, 13, 18, 17, 2, 9, 1, 15, 5, 11, 8, 3, 12, 4, 19, 20, 6, 14]]
20-Tao5R1_1,195.88270116110414,199.86329590533066,0.020321318424900838,3600.157275493,[[0, 4, 5, 6, 7, 1, 10, 16, 19, 18, 3, 20, 8, 12, 14, 17]]
20-Tao5R5_1,198.14879368358334,198.1686083767111,9.999906009716955E-5,560.725652883,[[0, 1, 9, 7, 12, 8, 4, 11, 19, 2, 14, 20, 18, 13, 15, 6, 5]]
20-Tao5R9_1,219.14822074770834,237.44981498485433,0.08351240167360119,3600.193557252,[[0, 17, 1, 19, 3, 13, 12, 20, 2, 11, 16, 15, 18, 8, 14, 10, 6]]
20-Tao9R1_1,154.97735667177085,154.97735667177085,0.0,0.524948867,[[0, 4, 1, 7, 19, 2, 16, 15, 18, 20, 8, 12, 17, 14]]
20-Tao9R5_1,157.227868012625,157.227868012625,0.0,1.292781183,[[0, 1, 19, 12, 7, 15, 14, 11, 20, 6, 5, 18]]
20-Tao9R9_1,197.18137746905583,197.18137746905583,0.0,4.560255113,[[0, 12, 10, 2, 8, 18, 13, 9, 7, 11, 16, 1, 19, 6, 3, 17, 4]]
25-Tao1R1_1,301.0143271723125,308.01182899766314,0.023246407873943713,3600.411687839,[[0, 4, 12, 23, 24, 13, 21, 1, 10, 3, 6, 19, 2, 20, 5, 16, 14, 22, 7, 25, 11, 9, 15]]
25-Tao1R1_1,301.986090881125,308.01419979433535,0.01996154490301109,3600.778799273,[[0, 10, 11, 3, 22, 25, 24, 13, 16, 2, 20, 5, 15, 23, 8, 9, 1, 4, 19, 12, 14, 21]]
25-Tao1R5_1,241.997204036125,244.00338284843124,0.008290090872314117,3600.523062024,[[0, 9, 8, 22, 17, 19, 5, 20, 4, 16, 2, 1, 3, 15, 14, 12, 25, 10, 13, 11, 23, 24, 7, 6, 18]]
25-Tao1R5_1,241.0133247391875,244.00337913061222,0.012406178764842785,3600.473764347,[[0, 9, 18, 16, 20, 21, 22, 2, 1, 3, 17, 19, 5, 8, 4, 14, 12, 25, 10, 13, 11, 24, 7, 6, 23]]
25-Tao1R9_1,280.12402254037,286.1196890581081,0.021403614239731708,3614.093190263,[[0, 19, 3, 12, 7, 6, 20, 1, 13, 15, 25, 5, 22, 17, 14, 11, 8, 24, 4, 18, 21, 23, 16, 9]]
25-Tao1R9_1,280.13002464370334,286.1196855903831,0.02138171713044985,3605.927363211,[[0, 19, 1, 13, 15, 25, 5, 12, 7, 6, 20, 22, 4, 17, 14, 11, 8, 24, 18, 21, 3, 23, 16, 9]]
25-Tao5R1_1,264.18679840154164,282.10958455870883,0.06784133902830107,3600.572618759,[[0, 21, 1, 19, 2, 4, 7, 14, 9, 3, 16, 22, 10, 8, 15, 5, 23, 25, 12, 17, 18]]
25-Tao5R1_1,260.25387803191666,282.10959187154134,0.08397843676679421,3600.616613063,[[0, 21, 1, 3, 6, 19, 2, 7, 14, 16, 18, 9, 10, 5, 23, 8, 17, 15, 25, 22, 12]]
25-Tao5R5_1,242.8025192651875,263.7807957106898,0.08640057157966023,3600.971966506,[[0, 8, 23, 25, 13, 1, 7, 10, 4, 9, 22, 5, 11, 24, 19, 15, 16, 20, 21, 17, 18]]
25-Tao5R5_1,242.70678960208335,263.7806564613252,0.08682850155854172,3601.1553923,[[0, 23, 10, 4, 13, 7, 25, 1, 11, 9, 22, 5, 8, 21, 19, 15, 16, 20, 12, 17, 18]]
25-Tao5R9_1,277.5100920870417,285.5528257707725,0.028981770079933716,3600.800837961,[[0, 7, 1, 8, 15, 6, 18, 3, 24, 4, 25, 11, 22, 13, 20, 14, 5, 12, 10, 21, 2, 17]]
25-Tao9R1_1,207.05318654008332,207.05318654008332,0.0,1.937781063,[[0, 23, 22, 7, 12, 9, 15, 18, 21, 10, 6, 13, 17, 14, 1, 3, 16, 11, 25]]
25-Tao9R5_1,231.90552815093747,231.91032716098897,2.069381480364654E-5,16.13132343,[[0, 18, 16, 17, 1, 8, 4, 14, 11, 5, 6, 24, 13, 21, 22, 19, 15, 10, 25]]
25-Tao9R9_1,262.1423475798541,262.1674606275429,9.579927821888026E-5,62.174235622,[[0, 3, 2, 20, 9, 21, 25, 16, 15, 1, 4, 14, 7, 18, 12, 22, 8, 19, 5, 11, 23]]
25-Tao5R9_1,271.60209508885407,285.57821695294393,0.051458078257873734,3600.756172369,[[0, 7, 23, 1, 8, 15, 6, 18, 3, 11, 25, 22, 24, 13, 19, 20, 14, 12, 10, 21, 5, 2, 17]]
25-Tao9R1_1,207.05318654008332,207.05318654008332,0.0,2.108081722,[[0, 23, 22, 7, 12, 9, 15, 18, 21, 10, 6, 13, 17, 14, 1, 3, 16, 11, 25]]
25-Tao9R5_1,231.90552815093747,231.91032716098897,2.069381480364654E-5,17.179329871,[[0, 18, 16, 17, 1, 8, 4, 14, 11, 5, 6, 24, 13, 21, 22, 19, 15, 10, 25]]
25-Tao9R9_1,262.1423475798541,262.1674606275429,9.579927821888026E-5,66.393837955,[[0, 3, 2, 20, 9, 21, 25, 16, 15, 1, 4, 14, 7, 18, 12, 22, 8, 19, 5, 11, 23]]
50-Tao1R1_1,510.0450529689608,531.2296136146479,0.041534685068246494,3610.141875806,[[0, 50, 19, 22, 13, 14, 18, 28, 36, 11, 43, 16, 6, 49, 26, 4, 12, 32, 29, 33, 34, 5, 25, 23, 15, 17, 8, 31, 30, 46, 37, 20, 41, 9, 44, 21, 38, 3, 42, 40, 45, 27, 10]]
50-Tao1R1_1,510.0173772526625,531.2296146146479,0.04159120513941358,3611.402553395,[[0, 18, 50, 43, 22, 44, 12, 6, 28, 14, 23, 36, 8, 26, 11, 29, 16, 34, 27, 31, 32, 33, 25, 5, 24, 19, 30, 9, 15, 49, 46, 37, 20, 41, 21, 38, 3, 42, 13, 1, 10, 40, 4]]
50-Tao1R5_1,548.4380589973009,591.5701043776791,0.07864524475057,3619.963008732,[[0, 6, 8, 46, 36, 7, 24, 12, 47, 1, 10, 31, 23, 27, 41, 16, 17, 29, 11, 43, 19, 39, 3, 13, 14, 26, 2, 21, 44, 34, 42, 40, 45, 33, 15, 5, 22, 25, 28, 37, 4, 48, 49, 30]]
50-Tao1R5_1,541.8326849456784,591.5701043776791,0.09179479351080115,3619.518677345,[[0, 24, 2, 38, 27, 23, 46, 36, 1, 10, 13, 3, 47, 21, 16, 48, 26, 6, 17, 29, 11, 31, 20, 8, 14, 15, 33, 39, 19, 44, 34, 42, 45, 40, 43, 5, 22, 25, 4, 28, 37, 49]]
50-Tao1R9_1,543.7147616477146,555.9017118486443,0.022414234559303088,3612.363051005,[[0, 40, 43, 9, 5, 47, 14, 20, 10, 45, 46, 49, 35, 32, 25, 1, 21, 41, 8, 6, 37, 3, 28, 34, 23, 22, 33, 44, 18, 13, 7, 36, 4, 39, 17, 42, 29, 11, 26, 50, 27, 12, 16, 31, 48, 15, 24, 30]]
50-Tao1R9_1,540.6399301050595,555.9016958486443,0.028229076125798187,3612.182214833,[[0, 40, 43, 9, 5, 41, 36, 8, 14, 47, 46, 20, 49, 35, 32, 37, 3, 6, 25, 33, 1, 21, 2, 28, 31, 10, 11, 44, 13, 7, 42, 45, 4, 17, 48, 29, 22, 26, 39, 27, 16, 34, 50, 15, 24, 12, 18, 30]]
50-Tao5R1_1,499.8324702556491,524.9785917801207,0.05030909959011884,3610.78162534,[[0, 43, 19, 8, 41, 20, 46, 13, 3, 33, 35, 9, 29, 36, 31, 25, 12, 47, 27, 1, 11, 49, 50, 23, 38, 4, 45, 5, 6, 37, 7, 40, 34, 16, 21, 10, 44, 15, 24, 30, 28, 48]]
50-Tao5R5_1,553.1024215468392,581.879719547139,0.052028877255344955,3609.085789319,[[0, 24, 3, 23, 14, 5, 29, 43, 35, 45, 11, 32, 7, 16, 2, 36, 13, 30, 27, 33, 28, 37, 17, 8, 25, 12, 42, 19, 34, 9, 49, 20, 39, 10, 31, 46, 38, 50, 21, 22, 18, 48, 6, 40, 1]]
50-Tao5R9_1,567.0666239689826,599.9501954214828,0.05798890300109258,3603.445498187,[[0, 1, 27, 46, 48, 33, 9, 42, 16, 3, 32, 36, 19, 24, 45, 44, 38, 22, 25, 6, 41, 50, 13, 47, 30, 21, 43, 2, 20, 15, 28, 35, 8, 39, 34, 5, 23, 49, 26, 31, 7, 37, 40, 10, 29, 4]]
50-Tao9R1_1,383.7966313648475,419.3251867439228,0.09257130593543866,3602.151028259,[[0, 32, 3, 17, 45, 6, 46, 50, 4, 9, 16, 33, 43, 14, 10, 34, 21, 22, 48, 8, 36, 23, 40, 39, 15, 41, 38, 28, 35, 37, 7, 13, 19, 42, 24, 20]]
50-Tao9R5_1,441.45841899997583,507.442409813008,0.14946818992033048,3602.555417351,[[0, 40, 32, 21, 43, 12, 3, 23, 39, 33, 17, 22, 49, 14, 31, 9, 11, 27, 19, 10, 18, 44, 48, 28, 42, 25, 37, 50, 2, 1, 8, 30, 7, 4, 45, 47]]
50-Tao9R9_1,491.7113510710117,542.4669107233339,0.10322226554615753,3602.557506685,[[0, 23, 6, 47, 30, 48, 5, 12, 20, 50, 11, 7, 15, 38, 40, 2, 1, 37, 9, 21, 49, 28, 31, 44, 27, 16, 4, 17, 46, 24, 26, 36, 39, 13, 34, 25, 41, 33, 42, 3]]
100-Tao1R1_1,742.1103723935275,1075.4487673004082,0.4491763049096321,3600.986151608,[[0, 98, 94, 13, 10, 82, 34, 58, 33, 80, 31, 49, 75, 42, 3, 47, 68, 97, 29, 26, 53, 38, 32, 22, 95, 8, 45, 43, 54, 6, 25, 60, 78, 20, 90, 39, 37, 7, 35, 91, 12, 85, 73, 79, 76, 89, 62, 40, 64, 84, 69, 9, 86, 55, 52, 11, 88, 4, 21, 93, 51]]
100-Tao1R5_1,819.5101074711217,1163.0107908617395,0.4191536873786273,3601.453121539,[[0, 12, 52, 64, 53, 26, 42, 60, 76, 75, 58, 97, 86, 15, 95, 72, 88, 33, 4, 73, 24, 32, 46, 13, 82, 61, 8, 99, 40, 84, 80, 54, 29, 55, 43, 96, 30, 34, 14, 74, 5, 78, 65, 39, 59, 66, 28, 19, 92, 56, 67, 17, 7, 93, 1, 20, 71, 63, 11, 2, 10, 100, 47, 87]]
100-Tao1R9_1,785.8521611382075,1158.1534511777902,0.4737548720363687,3601.242005428,[[0, 14, 5, 18, 7, 6, 68, 38, 2, 8, 53, 67, 60, 41, 24, 78, 37, 11, 19, 97, 63, 77, 55, 71, 70, 62, 45, 17, 51, 100, 65, 57, 74, 4, 23, 58, 15, 54, 30, 79, 20, 46, 9, 29, 92, 69, 94, 90, 99, 84, 32, 12, 43, 89, 49, 81, 27, 13, 96, 56, 1, 16, 40, 72, 87]]
100-Tao5R1_1,818.2258133638545,1222.1564775637348,0.4936664886423085,3601.318838251,[[0, 66, 47, 60, 57, 7, 78, 12, 40, 73, 99, 95, 92, 42, 20, 52, 71, 45, 83, 74, 97, 48, 80, 18, 23, 75, 15, 32, 77, 91, 27, 76, 3, 8, 98, 43, 100, 4, 34, 59, 55, 5, 84, 28, 11, 50, 17, 63, 69, 44, 10, 86, 36, 46, 14, 89, 2, 85]]
100-Tao5R5_1,501.68475544614455,1050.8090322499345,1.0945604203487274,3600.38952899,[[0, 50, 56, 93, 79, 95, 45, 65, 98, 44, 41, 7, 10, 8, 25, 77, 81, 86, 90, 60, 87, 62, 71, 12, 63, 57, 9, 85, 30, 36, 16, 20, 73, 18, 49, 100, 51, 55, 5, 27, 66, 80, 2]]
100-Tao5R9_1,362.2421156535614,1111.7688095420103,2.06913183613655,3600.601447446,[[0, 85, 15, 19, 29, 10, 17, 75, 67, 74, 87, 81, 48, 5, 6, 77, 84, 56, 58, 80, 28, 16, 91, 76, 37, 1, 78, 24, 73, 22, 39, 50, 90]]
100-Tao9R1_1,950.0741206910766,1050.3110448430216,0.10550432010401765,1856.877032661,[[0, 35, 89, 18, 56, 90, 13, 51, 57, 88, 87, 100, 77, 50, 20, 2, 74, 26, 14, 16, 85, 72, 4, 58, 42, 54, 99, 63, 43, 29, 52, 8, 12, 61, 46, 91, 7, 41, 70, 37, 96, 25, 64, 21, 44, 55, 32, 97, 94, 34, 79, 75, 84, 82, 45, 66, 81, 3, 71, 11, 86, 22, 39, 73, 31, 53, 30, 78, 92, 59, 38, 48, 83, 28, 19, 95, 36, 5]]
100-Tao9R5_1,799.409238141485,963.5975066777236,0.2053870041806532,1848.992923711,[[0, 2, 89, 34, 62, 48, 13, 47, 57, 96, 69, 54, 70, 80, 35, 58, 33, 65, 88, 38, 9, 91, 3, 31, 18, 56, 92, 16, 1, 37, 45, 68, 87, 26, 21, 4, 7, 93, 51, 53, 63, 40, 15, 10, 27, 52, 28, 12, 6, 36, 30, 20, 90, 44, 17, 19, 60, 81, 85, 77, 50, 39, 71, 49, 55, 29, 23, 32, 24, 59, 75]]
100-Tao9R9_1,833.0036828902416,1024.4452965869286,0.22982084908967776,1880.587964976,[[0, 48, 68, 10, 24, 83, 52, 77, 57, 89, 95, 13, 81, 78, 28, 86, 49, 80, 27, 73, 88, 55, 16, 84, 14, 62, 90, 79, 74, 40, 21, 76, 47, 33, 60, 2, 19, 34, 65, 25, 63, 59, 64, 8, 94, 4, 93, 22, 67, 100, 26, 5, 85, 23, 46, 6, 97, 51, 35, 12, 54, 18, 71, 70, 58, 9, 3, 50, 66, 42, 20]]
100-Tao9R1_1,972.8099480648434,1050.0387286759085,0.07938732613156767,3661.885184302,[[0, 35, 89, 56, 90, 13, 51, 88, 87, 100, 77, 62, 57, 76, 50, 26, 16, 2, 74, 14, 4, 58, 85, 72, 42, 54, 99, 63, 43, 29, 52, 8, 12, 46, 65, 91, 61, 37, 41, 44, 7, 25, 64, 21, 96, 98, 70, 60, 34, 32, 55, 82, 75, 84, 79, 97, 45, 66, 81, 11, 68, 71, 10, 22, 39, 73, 53, 30, 78, 86, 19, 38, 48, 92, 59, 80, 95, 28, 36, 5]]
100-Tao9R5_1,820.3759459837165,963.4117829084921,0.17435401126156036,3652.043513103,[[0, 2, 89, 98, 34, 69, 13, 57, 62, 48, 96, 25, 35, 54, 80, 97, 58, 33, 78, 65, 38, 9, 91, 3, 31, 18, 88, 16, 56, 68, 92, 37, 45, 87, 26, 4, 21, 7, 93, 90, 53, 63, 40, 10, 27, 52, 86, 28, 20, 1, 15, 12, 6, 36, 30, 60, 74, 95, 19, 85, 77, 81, 50, 39, 17, 71, 49, 55, 29, 23, 75, 32, 24, 59]]
10-Tao1R1_1,118.70749322466473,118.71889973739174,9.608923933225668E-5,1.826007101,[[0, 6, 8, 7, 4, 3, 10, 9, 5, 2]]
10-Tao1R1_1,118.70749322466473,118.71889973739174,9.608923933225668E-5,1.87730264,[[0, 6, 8, 7, 4, 3, 10, 9, 5, 2]]
100-Tao9R9_1,844.6093820026501,1023.919695346939,0.2122996939947619,3686.538262914,[[0, 48, 77, 10, 24, 83, 57, 89, 13, 68, 16, 95, 30, 81, 52, 28, 80, 49, 78, 27, 73, 88, 55, 14, 84, 90, 40, 62, 79, 74, 86, 21, 76, 60, 1, 47, 33, 2, 19, 34, 65, 25, 63, 59, 37, 8, 94, 36, 99, 93, 22, 67, 5, 85, 23, 46, 6, 97, 51, 35, 12, 54, 20, 66, 61, 71, 70, 58, 9, 26, 50, 18, 3, 42]]
10-Tao1R1_1,118.70749322466473,118.71889973739174,9.608923933225668E-5,0.800260203,[[0, 6, 8, 7, 4, 3, 10, 9, 5, 2]]
10-Tao1R1_1,118.70749322466473,118.71889973739174,9.608923933225668E-5,0.789996916,[[0, 6, 8, 7, 4, 3, 10, 9, 5, 2]]
