50-Tao1R1_1,511.1921782539375,531.2295148497201,0.03919726757991392,3600.123404172,[[0, 1, 15, 27, 30, 42, 5, 14, 23, 36, 8, 31, 37, 11, 25, 33, 26, 20, 6, 34, 41, 9, 13, 47, 44, 17, 29, 16, 24, 49, 22, 32, 43, 21, 10, 46, 19, 38, 40, 28, 3, 12, 4]]
50-Tao1R5_1,573.51365608761,591.5700138994963,0.03148374519110816,3600.096523147,[[0, 20, 1, 17, 8, 47, 25, 2, 50, 19, 33, 39, 14, 26, 28, 16, 48, 3, 21, 31, 23, 29, 10, 15, 13, 11, 43, 44, 12, 42, 18, 34, 6, 45, 5, 38, 22, 36, 27, 41, 24, 4, 49, 7, 37, 46, 30]]
50-Tao1R9_1,535.8437559434234,555.9014862737181,0.03743205012247775,3601.164850423,[[0, 41, 32, 42, 1, 33, 49, 9, 14, 5, 47, 46, 37, 21, 23, 34, 36, 26, 6, 22, 44, 35, 4, 7, 13, 3, 28, 8, 10, 48, 43, 29, 25, 45, 19, 16, 50, 11, 39, 27, 17, 38, 12, 15, 24, 31, 18, 30]]
50-Tao5R1_1,480.08781079763327,524.9785084050745,0.09350518092273385,3600.618082098,[[0, 19, 41, 43, 12, 2, 13, 26, 31, 46, 9, 49, 47, 27, 8, 33, 3, 50, 20, 1, 11, 15, 25, 7, 38, 30, 28, 34, 37, 45, 35, 5, 29, 16, 40, 48, 21, 10, 44, 23, 24, 42]]
50-Tao5R5_1,553.0801335804333,581.8835135444651,0.05207813156759823,3600.095222375,[[0, 24, 14, 37, 35, 16, 5, 32, 29, 36, 3, 7, 13, 30, 27, 45, 38, 42, 9, 34, 43, 33, 23, 28, 17, 8, 11, 50, 25, 2, 10, 12, 18, 19, 39, 20, 49, 1, 48, 31, 44, 21, 22, 6, 40]]
50-Tao5R9_1,573.0820587012809,599.9473092451244,0.04687854057884996,3600.136007821,[[0, 1, 27, 36, 33, 42, 16, 48, 17, 32, 3, 41, 14, 23, 44, 22, 24, 50, 45, 19, 6, 47, 21, 25, 46, 30, 8, 5, 2, 37, 43, 29, 35, 11, 39, 34, 18, 26, 31, 7, 49, 13, 20, 10, 40, 4]]
50-Tao9R1_1,380.78127369558,416.00413659244884,0.09250156278698439,3600.10695269,[[0, 32, 3, 17, 45, 6, 46, 50, 4, 33, 9, 16, 26, 14, 43, 34, 10, 31, 48, 8, 36, 23, 39, 15, 12, 40, 30, 38, 28, 35, 37, 7, 13, 19, 42, 24, 20]]
50-Tao9R5_1,443.50865236235256,504.1899190698613,0.13682093096555334,3600.099156127,[[0, 40, 32, 21, 43, 12, 3, 23, 39, 33, 17, 22, 49, 14, 31, 9, 11, 27, 19, 10, 18, 44, 28, 25, 42, 48, 50, 35, 41, 2, 1, 8, 30, 7, 4, 45, 47]]
50-Tao9R9_1,492.11663115154124,542.9539479097155,0.10330339098519342,3600.093081323,[[0, 23, 6, 47, 30, 48, 5, 20, 10, 11, 7, 38, 50, 9, 40, 12, 1, 37, 14, 21, 28, 49, 2, 24, 35, 44, 4, 17, 46, 42, 16, 13, 34, 36, 26, 41, 33, 39, 25, 3]]
100-Tao1R1_1,840.8204746246192,1075.388218381462,0.2789748238011646,3601.022491495,[[0, 60, 51, 19, 87, 83, 95, 34, 21, 52, 70, 74, 68, 39, 26, 23, 72, 90, 53, 81, 32, 6, 82, 35, 55, 41, 63, 88, 92, 22, 16, 100, 96, 99, 76, 91, 48, 86, 46, 47, 64, 62, 17, 3, 28, 20, 79, 38, 29, 27, 54, 42, 4, 58, 15, 77, 78, 40, 31, 80, 8, 13, 56, 75, 7, 98, 9, 45, 12, 50, 84, 93]]
100-Tao1R5_1,803.4847590738575,1163.0108672694203,0.447458528783954,3601.487020401,[[0, 52, 32, 5, 54, 71, 12, 29, 100, 30, 96, 91, 83, 77, 27, 88, 59, 20, 82, 35, 53, 60, 72, 43, 76, 65, 99, 64, 85, 18, 44, 16, 49, 86, 40, 36, 34, 15, 63, 22, 9, 67, 70, 57, 42, 11, 92, 56, 98, 55, 95, 21, 41, 26, 7, 94, 61, 28, 13, 2, 78, 93, 38, 33, 68, 39]]
100-Tao1R9_1,881.6025618367862,1158.1534359053862,0.3136910962377255,3601.221883101,[[0, 5, 81, 15, 94, 77, 97, 96, 33, 76, 55, 70, 60, 75, 21, 88, 93, 65, 87, 73, 69, 45, 28, 82, 32, 59, 19, 54, 9, 79, 30, 99, 68, 13, 50, 24, 80, 62, 57, 20, 29, 86, 92, 27, 38, 14, 4, 100, 17, 37, 85, 64, 11, 66, 51, 43, 89, 49, 41, 7, 10, 63, 42, 71, 39, 61, 84, 72, 74, 26, 52, 53]]
100-Tao5R1_1,830.2700418812792,1222.1570456362197,0.4719994507653564,3600.270203826,[[0, 61, 37, 97, 6, 84, 91, 67, 20, 73, 38, 100, 57, 54, 52, 9, 58, 74, 76, 98, 78, 68, 49, 32, 55, 60, 10, 80, 93, 5, 86, 94, 11, 41, 35, 92, 82, 7, 44, 50, 77, 24, 36, 14, 46, 43, 88, 63, 71, 28, 34, 2, 85, 21, 19, 89, 25, 26]]
100-Tao5R5_1,660.6901063612959,1050.8092000801423,0.5904721290096816,3600.223273251,[[0, 87, 47, 58, 77, 54, 6, 57, 1, 23, 56, 93, 33, 39, 26, 79, 22, 98, 68, 32, 7, 67, 43, 91, 36, 25, 19, 60, 10, 90, 34, 63, 18, 20, 42, 9, 41, 52, 29, 66, 89, 71, 49, 55, 73, 15, 30, 12, 17, 51, 31, 99, 27, 100, 5]]
100-Tao5R9_1,509.7127981241475,1111.7690827463998,1.1811676827378683,3600.194248985,[[0, 14, 26, 15, 17, 99, 33, 3, 54, 45, 35, 29, 10, 75, 43, 8, 57, 79, 11, 2, 38, 23, 42, 81, 91, 53, 98, 84, 48, 1, 77, 50, 16, 65, 88, 80, 82, 71, 37, 97, 76, 24, 44, 55, 59, 90, 100]]
100-Tao9R1_1,983.8307277185528,1050.088734597104,0.06734695818272814,3600.189674941,[[0, 35, 69, 56, 90, 51, 13, 89, 88, 87, 50, 100, 57, 2, 76, 16, 85, 74, 26, 77, 72, 14, 4, 58, 15, 54, 99, 63, 43, 33, 46, 52, 8, 12, 61, 65, 91, 41, 34, 96, 37, 44, 7, 25, 64, 70, 1, 97, 32, 84, 79, 55, 82, 40, 45, 75, 68, 71, 11, 66, 81, 3, 10, 30, 73, 31, 53, 22, 39, 48, 83, 28, 38, 36, 23, 80, 19, 95, 59, 5]]
100-Tao9R5_1,841.8331824908967,964.7138047241633,0.14596790051641953,3600.244780132,[[0, 13, 2, 89, 34, 48, 98, 57, 62, 96, 25, 47, 69, 54, 80, 35, 58, 33, 65, 38, 91, 37, 9, 27, 88, 31, 14, 18, 82, 16, 56, 45, 87, 52, 26, 4, 1, 7, 21, 90, 17, 53, 63, 40, 15, 20, 68, 92, 10, 51, 28, 6, 36, 43, 30, 93, 44, 77, 81, 19, 29, 60, 85, 12, 41, 39, 71, 72, 42, 55, 24, 23, 59, 75, 32]]
100-Tao9R9_1,843.1753394733025,1024.392561381092,0.21492234583256084,3600.182230442,[[0, 48, 68, 77, 10, 13, 83, 40, 57, 30, 24, 89, 95, 16, 81, 78, 52, 28, 80, 49, 62, 45, 14, 73, 88, 55, 1, 86, 98, 33, 79, 74, 21, 90, 60, 2, 19, 76, 34, 65, 25, 63, 67, 59, 8, 22, 94, 4, 99, 7, 66, 54, 46, 23, 93, 71, 69, 51, 35, 41, 26, 18, 15, 9, 70, 58, 53, 3, 50, 92, 42, 20]]
