10-Tao1R1_1,118.70749322466473,118.71889973739174,9.608923933225668E-5,0.862764924,[[0, 6, 8, 7, 4, 3, 10, 9, 5, 2]]
10-Tao1R5_1,107.5104360286875,107.5186467451875,7.637134406006828E-5,13.389856779,[[0, 3, 5, 8, 2, 9, 1, 6, 7]]
10-Tao1R9_1,93.61922802231251,93.62857598292558,9.985086194934296E-5,3.176527142,[[0, 2, 7, 9, 8, 3, 5, 6, 1, 10, 4]]
10-Tao5R1_1,98.53609451775,98.53609451775,0.0,0.122083108,[[0, 3, 1, 6, 8, 7, 9, 10]]
10-Tao5R5_1,98.62333338056251,98.63196929488123,8.756461602635271E-5,0.623289913,[[0, 5, 2, 8, 1, 3, 10, 6, 9]]
10-Tao5R9_1,102.46630342750001,102.4755489417826,9.022980212348088E-5,0.846026722,[[0, 6, 1, 3, 9, 7, 8, 4, 2]]
10-Tao9R1_1,57.6972298290625,57.6972298290625,0.0,0.023021725,[[0, 1, 2, 4, 6, 5]]
10-Tao9R5_1,75.33719587281249,75.33719587281249,0.0,0.028330037,[[0, 5, 7, 3, 4, 10, 8, 9]]
10-Tao9R9_1,106.5063306704375,106.5063306704375,0.0,0.080400976,[[0, 7, 1, 8, 3, 5, 9, 6]]
15-Tao1R1_1,135.4693824461875,135.48119189436184,8.717429695989998E-5,141.215698178,[[0, 15, 8, 6, 13, 5, 11, 14, 10, 9, 4, 1, 12, 7]]
15-Tao1R5_1,212.58241768993747,212.60211972577233,9.267951719121493E-5,3.682449407,[[0, 6, 10, 12, 9, 4, 13, 11, 3, 15, 14, 5, 8, 1, 2, 7]]
15-Tao1R9_1,160.08773680268752,160.10370418884983,9.974146977907779E-5,15.044601147,[[0, 15, 13, 14, 6, 8, 5, 9, 11, 4, 3, 7, 2, 10, 12]]
15-Tao5R1_1,147.32194596985417,147.33667545363596,9.998159937960925E-5,160.696742111,[[0, 8, 14, 3, 10, 4, 9, 12, 15, 1, 13, 7]]
15-Tao5R5_1,160.246666761125,160.26268983997707,9.999009137548701E-5,102.273758892,[[0, 4, 12, 2, 13, 15, 11, 8, 3, 6, 1, 7, 10]]
15-Tao5R9_1,135.74594808614586,135.75901455288889,9.62567717654817E-5,27.058526575,[[0, 4, 8, 12, 11, 6, 7, 5, 2, 3, 9, 15, 13, 10]]
15-Tao9R1_1,117.435513240625,117.44552996689582,8.529554641862858E-5,0.061673985,[[0, 14, 6, 15, 1, 11, 4, 10, 9, 5]]
15-Tao9R5_1,138.58364591168754,138.58419061561452,3.93050654276716E-6,0.129164012,[[0, 14, 1, 9, 10, 6, 12, 15, 3, 11, 5, 8, 13]]
15-Tao9R9_1,90.6397548135625,90.6397548135625,0.0,0.250376214,[[0, 12, 7, 6, 2, 5, 13, 1]]
20-Tao1R1_1,207.26714410935415,207.2878427825838,9.986470995477743E-5,942.100003396,[[0, 4, 18, 19, 6, 7, 1, 13, 12, 8, 14, 5, 15, 3, 20, 10, 16, 17]]
20-Tao1R5_1,220.57497452658333,220.59703194846188,9.999965737670144E-5,791.766956017,[[0, 15, 3, 11, 2, 20, 4, 5, 17, 1, 10, 18, 9, 12, 13, 8, 6, 14, 7, 16, 19]]
20-Tao1R9_1,231.08069396135417,231.09923488485214,8.023570978655027E-5,66.028249645,[[0, 16, 10, 18, 17, 2, 13, 7, 9, 1, 15, 5, 11, 8, 3, 12, 14, 20, 6, 4, 19]]
20-Tao5R1_1,195.88270116110414,199.88020560147035,0.02040764404752831,3600.052692855,[[0, 4, 5, 6, 7, 1, 10, 16, 19, 18, 3, 20, 8, 12, 14, 17]]
20-Tao5R5_1,198.14879368358334,198.16860855332033,9.999995139320332E-5,693.569186432,[[0, 1, 9, 7, 12, 8, 4, 11, 19, 2, 14, 20, 18, 13, 15, 6, 5]]
20-Tao5R9_1,219.14822074770834,239.87066633705683,0.0945590409935178,3600.055766917,[[0, 17, 1, 19, 3, 13, 12, 20, 2, 11, 16, 15, 18, 8, 14, 10, 6]]
20-Tao9R1_1,154.97735667177085,154.97735667177082,0.0,0.218389696,[[0, 4, 1, 7, 19, 2, 16, 15, 18, 20, 8, 12, 17, 14]]
20-Tao9R5_1,157.227868012625,157.22955212750085,1.0711300083944265E-5,1.234423039,[[0, 1, 19, 12, 7, 15, 14, 11, 20, 6, 5, 18]]
20-Tao9R9_1,197.18137746905586,197.1906819896505,4.7187623466597706E-5,7.415597968,[[0, 12, 10, 2, 8, 18, 13, 9, 7, 11, 16, 1, 19, 6, 3, 17, 4]]
25-Tao1R1_1,301.01551107606247,308.00110475035984,0.0232067565200316,3600.065816735,[[0, 4, 12, 23, 13, 21, 24, 16, 14, 22, 7, 25, 11, 9, 1, 10, 3, 6, 19, 2, 20, 5, 15]]
25-Tao1R5_1,241.00929734795835,244.00312153689615,0.012422027788472421,3601.204933539,[[0, 14, 12, 21, 3, 8, 13, 20, 4, 24, 2, 9, 1, 11, 18, 16, 22, 17, 19, 5, 25, 10, 7, 6, 23]]
25-Tao1R9_1,280.0997249807708,286.1196356436911,0.021492026325021892,3601.694740666,[[0, 19, 20, 22, 9, 15, 6, 3, 7, 5, 13, 1, 14, 11, 4, 17, 8, 24, 25, 18, 21, 23, 12, 16]]
25-Tao5R1_1,274.11939413479166,282.1094936117425,0.029148245793287345,3600.225240144,[[0, 21, 1, 3, 7, 13, 4, 2, 9, 25, 10, 19, 16, 8, 15, 5, 23, 17, 18, 14, 22, 12]]
25-Tao5R5_1,242.69822246491668,263.90470391289847,0.08737798420026978,3602.729240437,[[0, 23, 13, 1, 25, 20, 10, 4, 19, 16, 22, 5, 11, 9, 7, 8, 21, 15, 12, 17, 18]]
25-Tao5R9_1,278.56038272560454,282.5437383602699,0.01429979236705652,3600.174196265,[[0, 19, 1, 23, 15, 6, 8, 18, 3, 24, 4, 25, 11, 22, 13, 20, 14, 5, 12, 10, 21, 2, 17]]
25-Tao9R1_1,207.05318654008332,207.05799610403494,2.322864009963639E-5,1.871484773,[[0, 23, 22, 7, 12, 9, 15, 18, 21, 10, 6, 13, 17, 14, 1, 3, 16, 11, 25]]
25-Tao9R5_1,231.90552815093747,231.92140696249902,6.847103511567721E-5,9.946030725,[[0, 18, 16, 17, 1, 8, 4, 14, 11, 5, 6, 24, 13, 21, 22, 19, 15, 10, 25]]
25-Tao9R9_1,262.14234757985423,262.1683787863162,9.930179805860731E-5,22.362000722,[[0, 3, 2, 9, 20, 21, 25, 16, 15, 1, 4, 14, 7, 18, 12, 22, 8, 19, 5, 11, 23]]
50-Tao1R1_1,502.11416315472167,531.1881859243904,0.057903211865194974,3600.272344506,[[0, 19, 30, 21, 37, 20, 34, 41, 38, 22, 10, 29, 40, 8, 25, 43, 23, 18, 3, 42, 9, 44, 12, 4, 46, 11, 6, 49, 31, 16, 5, 33, 24, 13, 14, 28, 26, 15, 17, 32, 27]]
50-Tao1R5_1,556.34082145061,591.3469681973165,0.06292212506611472,3600.119381459,[[0, 20, 47, 13, 14, 18, 48, 26, 15, 21, 16, 31, 2, 19, 42, 41, 1, 17, 5, 27, 23, 29, 11, 7, 39, 3, 34, 25, 44, 8, 10, 28, 22, 50, 45, 6, 33, 12, 43, 36, 24, 49, 38, 30, 46]]
50-Tao1R9_1,527.9546390049958,555.7609471783614,0.05266798720769887,3600.146891456,[[0, 41, 5, 3, 30, 49, 29, 8, 6, 37, 46, 27, 7, 13, 47, 14, 25, 9, 33, 44, 35, 32, 22, 20, 42, 31, 1, 45, 23, 43, 28, 36, 26, 15, 19, 48, 4, 17, 11, 21, 18, 12, 50, 34, 10]]
50-Tao5R1_1,488.7969000026309,524.7942036305226,0.07364470525015726,3601.280085373,[[0, 43, 3, 41, 20, 47, 27, 8, 33, 6, 12, 46, 9, 49, 19, 17, 25, 50, 7, 31, 1, 23, 44, 13, 30, 37, 45, 38, 35, 10, 29, 11, 15, 39, 34, 16, 21, 4, 40, 28, 48]]
50-Tao5R5_1,549.8224974194059,581.3679308746731,0.05737384993033229,3600.16524855,[[0, 32, 24, 3, 23, 14, 37, 36, 41, 16, 33, 35, 13, 5, 29, 25, 12, 19, 49, 1, 42, 28, 30, 27, 45, 43, 17, 8, 11, 9, 34, 2, 10, 31, 39, 20, 22, 38, 50, 21, 18, 48, 6, 40]]
50-Tao5R9_1,564.7672457448284,599.3000826368018,0.06114525435416237,3600.157922774,[[0, 1, 27, 36, 33, 42, 16, 48, 19, 32, 14, 9, 38, 46, 24, 44, 22, 37, 50, 47, 21, 25, 6, 5, 41, 2, 30, 8, 29, 35, 23, 39, 34, 43, 31, 26, 7, 4, 20, 45, 18, 49, 13, 40, 10]]
100-Tao1R1_1,724.251517768865,1076.4672533814621,0.48631687607308993,3600.791760542,[[0, 66, 43, 23, 88, 72, 69, 82, 46, 8, 45, 41, 7, 30, 20, 80, 95, 100, 5, 56, 68, 4, 71, 32, 62, 86, 98, 47, 40, 22, 10, 17, 38, 24, 25, 93, 29, 6, 87, 85, 39, 75, 60, 97, 57, 59, 9, 74, 21, 54, 64, 96, 99, 14, 50, 19, 1, 33, 73, 90, 26, 67]]
100-Tao1R5_1,791.9577980683093,1163.8501217652313,0.46958603678626554,3601.085804833,[[0, 55, 64, 89, 87, 79, 52, 37, 49, 100, 5, 57, 28, 44, 16, 72, 88, 8, 86, 85, 41, 2, 6, 21, 45, 4, 10, 90, 20, 34, 70, 94, 71, 76, 60, 84, 63, 81, 73, 48, 33, 36, 92, 82, 59, 32, 95, 78, 18, 29, 13, 56, 96, 7, 17, 93, 65, 99, 22, 66, 35, 12, 19, 23]]
100-Tao1R9_1,810.6425775925898,1158.7437362438486,0.429413860403177,3601.342423225,[[0, 46, 96, 15, 92, 63, 100, 17, 99, 37, 13, 70, 71, 97, 49, 41, 18, 20, 65, 4, 51, 28, 7, 48, 50, 32, 1, 34, 43, 5, 27, 80, 68, 69, 72, 59, 53, 19, 81, 45, 9, 55, 2, 85, 76, 11, 60, 6, 62, 30, 8, 31, 24, 14, 73, 88, 77, 54, 57, 33, 26, 84, 39, 61]]
100-Tao5R1_1,811.5679741870633,1222.7778328729014,0.506685664990281,3600.299244611,[[0, 57, 91, 47, 49, 97, 76, 74, 38, 48, 71, 60, 27, 22, 52, 64, 3, 77, 94, 56, 40, 12, 98, 41, 39, 6, 84, 42, 58, 10, 73, 93, 83, 92, 85, 26, 34, 67, 4, 32, 50, 17, 46, 43, 88, 63, 69, 70, 5, 14, 89, 35, 75, 8, 11, 28, 19, 24, 2]]
100-Tao5R5_1,781.5813773319384,1051.6088350423247,0.3454886023924171,3600.82308085,[[0, 77, 23, 58, 75, 24, 68, 48, 4, 87, 34, 41, 60, 10, 1, 73, 39, 84, 6, 26, 81, 50, 63, 54, 44, 30, 36, 72, 7, 9, 62, 90, 28, 91, 79, 53, 18, 49, 57, 95, 56, 70, 12, 55, 94, 20, 17, 69, 37, 32, 71, 66, 76, 11, 31, 52, 27, 78, 92, 51, 100, 2, 15, 89, 42]]
100-Tao5R9_1,866.0159130717516,1112.9652436841657,0.2851556500116242,3601.060235246,[[0, 33, 15, 85, 88, 23, 40, 17, 35, 29, 20, 54, 2, 45, 10, 60, 47, 62, 38, 21, 99, 67, 3, 46, 96, 82, 48, 63, 66, 9, 27, 22, 89, 31, 93, 57, 16, 18, 71, 91, 81, 68, 80, 12, 44, 55, 37, 30, 36, 1, 65, 61, 6, 72, 14, 94, 97, 24, 19, 74, 90, 49, 43, 98, 11, 50, 76, 7, 70, 100, 39]]
100-Tao9R1_1,998.8652654687334,1050.5066663826444,0.051700066764932856,3600.245345354,[[0, 35, 18, 56, 90, 51, 13, 89, 88, 87, 100, 77, 50, 57, 76, 16, 20, 2, 74, 26, 54, 63, 58, 85, 99, 14, 4, 72, 43, 29, 33, 46, 8, 12, 61, 65, 91, 41, 34, 37, 44, 7, 25, 64, 70, 1, 21, 96, 79, 97, 32, 84, 55, 82, 75, 40, 45, 66, 81, 11, 68, 71, 86, 3, 73, 31, 53, 30, 78, 22, 39, 48, 59, 38, 28, 23, 5, 95, 80, 19]]
100-Tao9R5_1,814.103682735848,963.7599975920042,0.18382955148072552,3600.174854673,[[0, 13, 89, 34, 62, 2, 98, 69, 48, 96, 65, 25, 54, 35, 57, 80, 14, 37, 21, 33, 100, 52, 56, 76, 91, 38, 31, 18, 16, 97, 88, 45, 87, 26, 4, 68, 7, 1, 15, 53, 63, 92, 40, 27, 11, 10, 17, 28, 93, 36, 51, 79, 90, 43, 30, 20, 74, 95, 19, 81, 12, 85, 77, 24, 60, 32, 39, 55, 29, 72, 50, 23, 59, 42, 75]]
100-Tao9R9_1,812.53152134596,1030.0742102232502,0.26773446095593145,3600.180127082,[[0, 48, 77, 10, 24, 83, 13, 68, 57, 89, 95, 16, 81, 78, 52, 28, 30, 49, 80, 27, 73, 88, 55, 84, 1, 98, 14, 79, 74, 40, 21, 76, 60, 90, 33, 2, 19, 34, 65, 25, 63, 59, 22, 53, 8, 94, 67, 36, 99, 26, 54, 7, 46, 70, 23, 66, 6, 97, 71, 51, 35, 17, 15, 61, 20, 58, 9, 3, 50, 42]]
50-Tao9R1_1,384.51537831994915,403.6019815472469,0.049638075102970615,3600.106809762,[[0, 32, 3, 17, 45, 6, 46, 50, 4, 9, 16, 33, 43, 14, 10, 34, 21, 31, 8, 48, 36, 23, 39, 15, 40, 2, 30, 38, 28, 35, 37, 7, 13, 19, 42, 24, 20]]
50-Tao9R5_1,441.3449423333092,503.4528310081878,0.140724142768039,3600.094081734,[[0, 40, 32, 21, 43, 12, 3, 23, 39, 33, 17, 22, 49, 14, 31, 9, 11, 27, 19, 10, 18, 44, 48, 28, 42, 25, 37, 50, 2, 1, 8, 30, 7, 4, 45, 47]]
50-Tao9R9_1,486.67706261027234,542.1219466410627,0.11392541027802416,3600.093729454,[[0, 23, 6, 47, 30, 48, 5, 12, 2, 50, 7, 9, 15, 40, 20, 38, 1, 37, 22, 34, 11, 28, 49, 31, 13, 42, 35, 44, 4, 17, 46, 24, 16, 36, 26, 3, 25, 39, 33, 41]]
