10-Tao1R1_1,118.79955,118.81129710044598,9.888169143719289E-5,8.079895787,[[0, 6, 8, 7, 4, 3, 10, 9, 5, 2]]
10-Tao1R1_2,125.72288666666667,125.72288666666665,0.0,5.187818415,[[0, 1, 7, 8, 4, 6, 3, 2, 10, 5]]
10-Tao1R1_3,89.74047,89.74187666666666,1.5674830616020953E-5,4.328453898,[[0, 9, 7, 10, 5, 8, 2, 6]]
10-Tao1R1_4,118.73132666666667,118.7411113926159,8.241065120659489E-5,6.877094809,[[0, 9, 1, 8, 10, 7, 6, 4, 5]]
10-Tao1R1_5,93.78970333333334,93.79906916490708,9.985991255830168E-5,4.329097067,[[0, 8, 6, 9, 10, 7, 1, 4, 5, 2]]
10-Tao1R1_6,110.54564666666667,110.55616152450106,9.511779207453314E-5,5.827478174,[[0, 10, 3, 7, 2, 9, 5, 4, 6]]
10-Tao1R1_7,101.68701666666666,101.69564717621554,8.48732692902406E-5,7.44919699,[[0, 3, 8, 5, 4, 10, 6, 1, 7]]
10-Tao1R1_8,103.78829666666667,103.79801709174929,9.365627334485401E-5,4.906527455,[[0, 1, 9, 6, 3, 4, 2, 5, 10]]
10-Tao1R1_9,116.64341000000002,116.65466755818154,9.651259493799737E-5,9.005397448,[[0, 6, 7, 3, 4, 10, 9, 2, 8, 1]]
10-Tao1R1_10,104.70249000000001,104.71093,8.06093532253632E-5,8.462331479,[[0, 10, 7, 4, 5, 6, 8, 9, 3, 1]]
10-Tao1R3_1,88.77212,88.78080760287334,9.78640914887169E-5,21.324474932,[[0, 7, 1, 5, 3, 2, 10, 8, 9, 6]]
10-Tao1R3_2,102.57237333333333,102.5823564224138,9.73272700633709E-5,42.923770617,[[0, 7, 4, 5, 1, 8, 9, 3, 2]]
10-Tao1R3_3,93.71444666666666,93.72305159850127,9.182076126649977E-5,5.966257295,[[0, 5, 6, 4, 9, 2, 7, 3, 10]]
10-Tao1R3_4,94.74398666666622,94.74398666666622,0.0,4.586838009,[[0, 6, 1, 3, 5, 9, 4, 8, 7]]
10-Tao1R3_5,119.56745000000001,119.57940666666667,9.999934486060244E-5,17.519295547,[[0, 9, 6, 1, 8, 4, 5, 3, 10, 7]]
10-Tao1R3_6,152.67928,152.69405000000103,9.673873233494503E-5,26.756172761,[[0, 7, 10, 5, 2, 1, 6, 8, 3, 4]]
10-Tao1R3_7,120.74750333333334,120.7595444316791,9.972130282902262E-5,19.568421638,[[0, 5, 10, 3, 4, 8, 1, 2, 9, 6]]
10-Tao1R3_8,94.79533,94.80044666666667,5.397593601563066E-5,34.137392334,[[0, 8, 1, 5, 2, 9, 3, 6, 4, 10]]
10-Tao1R3_9,105.84104666666667,105.85159666666667,9.967777466535179E-5,28.836634185,[[0, 2, 8, 4, 3, 6, 7, 10, 9, 5]]
10-Tao1R3_10,101.60894666666667,101.61868511050123,9.58423854791263E-5,71.666588972,[[0, 9, 2, 8, 3, 5, 6, 10, 1, 4]]
10-Tao1R5_1,107.66451,107.67365333333333,8.492430173432797E-5,67.876740797,[[0, 3, 5, 8, 2, 9, 1, 6, 7]]
10-Tao1R5_2,121.77423,121.78530825022222,9.097368320212829E-5,14.195705155,[[0, 10, 8, 7, 1, 3, 9, 6, 2, 5]]
10-Tao1R5_3,126.63074999999999,126.63803726718137,5.754737440453336E-5,24.633477733,[[0, 7, 2, 8, 3, 9, 5, 1, 6, 4]]
10-Tao1R5_4,97.75735,97.76710141776212,9.975124900693275E-5,29.577149031,[[0, 4, 7, 6, 5, 1, 3, 10, 2, 9]]
10-Tao1R5_5,105.53509666666667,105.54564666666667,9.996674408047593E-5,47.831766778,[[0, 7, 6, 2, 4, 9, 5, 1, 10, 8]]
10-Tao1R5_6,84.78689,84.79533,9.954369124751923E-5,45.439863974,[[0, 1, 9, 3, 8, 10, 5, 6, 7, 4]]
10-Tao1R5_7,110.81316666666669,110.8241713967481,9.930886746069853E-5,14.802079108,[[0, 7, 4, 10, 6, 3, 2, 1, 9, 5, 8]]
10-Tao1R5_8,123.59277,123.60511988836413,9.992403571922164E-5,115.780862343,[[0, 9, 8, 1, 10, 3, 5, 6, 2, 7, 4]]
10-Tao1R5_9,112.43004666666667,112.43004666666667,0.0,27.092907883,[[0, 1, 6, 5, 9, 2, 4, 8, 3, 10, 7]]
10-Tao1R5_10,104.56604333333334,104.57589000000003,9.416696235976937E-5,133.456493711,[[0, 8, 7, 6, 2, 4, 10, 5, 1, 3]]
10-Tao1R7_1,101.81291333333334,101.81291333333334,0.0,20.536478732,[[0, 9, 10, 3, 8, 2, 6, 5, 1]]
10-Tao1R7_2,94.68842333333333,94.69615999999999,8.170657398545417E-5,264.409255679,[[0, 8, 10, 6, 4, 7, 3, 1, 2, 5]]
10-Tao1R7_3,136.57940666666673,136.57940666666673,0.0,69.497372712,[[0, 2, 1, 8, 6, 10, 5, 3, 7, 4, 9]]
10-Tao1R7_4,91.80517666666665,91.81361666666668,9.193381360897494E-5,58.49911351,[[0, 7, 9, 5, 1, 8, 4, 2, 10, 6]]
10-Tao1R7_5,112.72007333333333,112.73110734664023,9.788862782459358E-5,113.733058186,[[0, 4, 9, 3, 2, 8, 7, 10, 5, 6, 1]]
10-Tao1R7_6,82.97753666666667,82.98523,9.271585590967572E-5,52.334880709,[[0, 2, 1, 3, 6, 8, 5, 10, 4, 7, 9]]
10-Tao1R7_7,106.70741333333334,106.7179633333335,9.886848224124255E-5,33.558664394,[[0, 1, 5, 10, 9, 4, 3, 2, 7, 6]]
10-Tao1R7_8,105.65325666666666,105.6621655555555,8.432195248783167E-5,83.357587147,[[0, 10, 1, 5, 4, 2, 9, 8, 6, 3, 7]]
10-Tao1R7_9,111.69827,111.70938632345081,9.95209993029542E-5,70.971180778,[[0, 10, 5, 4, 3, 6, 2, 1, 7, 8, 9]]
10-Tao1R7_10,90.75102000000001,90.76002188679043,9.919322989873827E-5,99.015090814,[[0, 4, 9, 1, 3, 2, 5, 8, 6, 10]]
10-Tao1R9_1,93.73906333333333,93.74837833892506,9.937165212113092E-5,114.078425617,[[0, 2, 7, 9, 8, 3, 5, 6, 1, 10, 4]]
10-Tao1R9_2,111.71726000000001,111.7281808555104,9.775441601756188E-5,78.366005879,[[0, 9, 5, 7, 1, 2, 4, 8, 6, 10, 3]]
10-Tao1R9_3,107.50274333333334,107.51341118890805,9.923333343802962E-5,114.273986924,[[0, 3, 7, 5, 8, 10, 1, 2, 6, 9, 4]]
10-Tao1R9_4,102.7679,102.77814681616243,9.970833463003393E-5,237.999372923,[[0, 6, 7, 4, 10, 8, 5, 1, 2, 3, 9]]
10-Tao1R9_5,109.59628666666667,109.60704127272727,9.812929240295468E-5,48.380014179,[[0, 4, 10, 5, 3, 6, 2, 1, 9, 8, 7]]
10-Tao1R9_6,119.72218333333333,119.73405631857364,9.917113862879656E-5,29.424075378,[[0, 3, 10, 5, 9, 1, 2, 7, 4, 8, 6]]
10-Tao1R9_7,104.71093,104.72134065987255,9.942285750435054E-5,174.255343322,[[0, 10, 4, 8, 5, 2, 1, 9, 7, 6, 3]]
10-Tao1R9_8,73.38533666666667,73.39229333333334,9.47964127800723E-5,103.365087693,[[0, 9, 1, 2, 5, 7, 4, 3, 6, 10, 8]]
10-Tao1R9_9,116.02664666666666,116.02664666666666,0.0,154.554321176,[[0, 5, 4, 8, 2, 10, 3, 6, 1, 7, 9]]
10-Tao1R9_10,68.74468999999999,68.75102,9.207983918461616E-5,91.770560917,[[0, 5, 9, 7, 2, 6, 10, 8, 4, 1, 3]]
10-Tao3R1_1,107.73625,107.74386609523808,7.069203947668888E-5,8.649334109,[[0, 8, 6, 4, 10, 7, 1, 3, 2]]
10-Tao3R1_2,125.64481666666667,125.65606999999999,8.956464446249788E-5,15.621490123,[[0, 9, 2, 7, 6, 10, 3, 4, 5]]
10-Tao3R1_3,81.78829666666667,81.78829666666667,0.0,5.319238886,[[0, 2, 8, 4, 9, 3, 5]]
10-Tao3R1_4,97.60683666666667,97.60683666666667,0.0,14.469563347,[[0, 3, 6, 7, 5, 1, 2, 10, 4]]
10-Tao3R1_5,78.67928,78.67928,0.0,8.742242479,[[0, 7, 10, 8, 3, 5, 9, 1]]
10-Tao3R1_6,102.7679,102.7679,0.0,9.700341919,[[0, 3, 7, 5, 1, 10, 2, 4, 6, 9]]
10-Tao3R1_7,99.75664666666667,99.75912938511327,2.4887749634307144E-5,9.587595769,[[0, 6, 10, 1, 2, 8, 3, 7, 5]]
10-Tao3R1_8,118.62934333333334,118.63637666666668,5.9288310427300793E-5,8.583296925,[[0, 4, 3, 9, 5, 1, 7, 8, 2]]
10-Tao3R1_9,91.61246333333334,91.61246333333334,0.0,6.771016353,[[0, 10, 3, 6, 1, 8, 4, 5, 2]]
10-Tao3R1_10,103.74328333333332,103.74328333333332,0.0,14.174944802,[[0, 2, 8, 5, 10, 6, 9, 4, 3]]
10-Tao3R3_1,82.83682666666668,82.84496833056258,9.828555997986807E-5,21.133379235,[[0, 6, 8, 9, 3, 4, 1, 7, 10]]
10-Tao3R3_2,80.81502333333333,80.81502333333333,0.0,15.446152789,[[0, 6, 9, 2, 8, 5, 1, 10, 4]]
10-Tao3R3_3,97.80869333333334,97.80869333333334,0.0,7.94088651,[[0, 10, 7, 6, 8, 5, 4, 3, 9]]
10-Tao3R3_4,110.71655666666666,110.7257,8.25832523030929E-5,6.460104038,[[0, 6, 3, 9, 2, 4, 8, 7, 10]]
10-Tao3R3_5,106.55760333333333,106.56769463768116,9.47028089234259E-5,11.122648217,[[0, 8, 10, 6, 7, 5, 2, 9, 4]]
10-Tao3R3_6,114.69123666666667,114.69716697503671,5.170672618406185E-5,7.502763822,[[0, 1, 7, 8, 4, 5, 3, 6, 2]]
10-Tao3R3_7,100.64200333333335,100.64200333333335,0.0,8.232538873,[[0, 2, 8, 9, 1, 10, 7, 6, 4]]
10-Tao3R3_8,98.76227333333333,98.76227333333333,0.0,8.101843978,[[0, 5, 10, 3, 7, 6, 2, 8, 4]]
10-Tao3R3_9,118.67646666666667,118.67646666666667,0.0,7.011028465,[[0, 5, 2, 10, 6, 1, 9, 8, 3]]
10-Tao3R3_10,99.83401333333333,99.84104706054737,7.045421674619657E-5,5.888564568,[[0, 4, 9, 7, 3, 2, 10, 5, 6]]
10-Tao3R5_1,117.67506,117.68279666666668,6.574601845681499E-5,20.737589625,[[0, 4, 3, 6, 1, 9, 10, 5, 7]]
10-Tao3R5_2,102.64903666668559,102.64903666668559,0.0,12.937089426,[[0, 7, 5, 8, 2, 1, 4, 9, 6]]
10-Tao3R5_3,90.84034333333334,90.84058483231559,2.658499223873611E-6,7.411044264,[[0, 6, 3, 10, 4, 5, 7, 2]]
10-Tao3R5_4,101.86777333333333,101.86847666666665,6.904375253374632E-6,6.476251034,[[0, 8, 7, 6, 4, 5, 1, 3, 9]]
10-Tao3R5_5,87.81643,87.82243499331922,6.838120519379323E-5,21.743739468,[[0, 1, 5, 2, 4, 8, 7, 10, 9]]
10-Tao3R5_6,109.76579000000001,109.7727827574181,6.370616398864434E-5,13.440263334,[[0, 2, 8, 10, 4, 5, 1, 9, 3]]
10-Tao3R5_7,118.68279666666668,118.68279666666668,0.0,44.349039197,[[0, 4, 1, 6, 2, 5, 3, 10, 7, 9]]
10-Tao3R5_8,111.65888333333334,111.66978499999996,9.763367088377623E-5,37.984366955,[[0, 5, 9, 2, 4, 7, 6, 3, 8, 1]]
10-Tao3R5_9,113.62231,113.62373781041306,1.2566285732628089E-5,24.654750573,[[0, 10, 7, 3, 9, 6, 5, 1, 4]]
10-Tao3R5_10,128.15008,128.15008,0.0,118.496361392,[[0, 7, 10, 1, 9, 3, 6, 8, 2, 4]]
10-Tao3R7_1,98.67927999999999,98.67927999999999,0.0,10.013451441,[[0, 2, 1, 10, 9, 6, 8, 7, 5, 4]]
10-Tao3R7_2,88.54200666666667,88.54322000000002,1.3703476790628564E-5,57.827420148,[[0, 7, 3, 4, 2, 6, 10, 5, 9, 1]]
10-Tao3R7_3,97.63426666666666,97.63426666666666,0.0,24.354106527,[[0, 1, 10, 6, 7, 4, 3, 2, 9]]
10-Tao3R7_4,132.55830666666668,132.57096666666666,9.550514274302003E-5,76.827827796,[[0, 4, 9, 2, 6, 3, 10, 1, 5, 8]]
10-Tao3R7_5,91.48023666666667,91.48023666666667,0.0,27.870156486,[[0, 3, 9, 4, 7, 8, 10, 2, 5]]
10-Tao3R7_6,86.62723333333334,86.62723333333334,0.0,31.181666621,[[0, 4, 3, 7, 6, 8, 5, 10, 2]]
10-Tao3R7_7,93.73343666666666,93.73343666666666,0.0,45.5392801,[[0, 4, 8, 3, 2, 10, 7, 9, 5]]
10-Tao3R7_8,135.17870333333335,135.17870333333335,0.0,24.643366634,[[0, 10, 7, 2, 9, 6, 3, 5, 8, 1]]
10-Tao3R7_9,118.64411333333334,118.65536666666668,9.484948740538965E-5,13.469622349,[[0, 5, 7, 6, 9, 4, 1, 8, 2, 3]]
10-Tao3R7_10,133.52595333333332,133.53720666666666,8.427824742986057E-5,126.024395061,[[0, 9, 6, 1, 10, 4, 7, 5, 2, 3]]
10-Tao3R9_1,113.68561000000001,113.69667852065328,9.736078869839528E-5,43.71834869,[[0, 10, 8, 9, 3, 6, 4, 2, 5, 1, 7]]
10-Tao3R9_2,95.71585333333334,95.72359,8.082952193622427E-5,21.622093794,[[0, 4, 2, 6, 3, 8, 9, 7, 1, 10]]
10-Tao3R9_3,116.74609666666666,116.74609666666666,0.0,28.092131106,[[0, 7, 3, 5, 6, 9, 10, 1, 2, 8]]
10-Tao3R9_4,105.59983,105.59983,0.0,20.327738562,[[0, 1, 2, 3, 10, 4, 7, 9, 8]]
10-Tao3R9_5,91.05715000000001,91.06544412499984,9.108702611301262E-5,66.499343665,[[0, 3, 7, 8, 10, 4, 1, 6, 2]]
10-Tao3R9_6,109.60517666666667,109.61178000000001,6.024654614098402E-5,8.93771894,[[0, 4, 9, 3, 8, 1, 7, 2, 5, 6]]
10-Tao3R9_7,103.57096666666666,103.57096666666666,0.0,7.868889166,[[0, 6, 1, 4, 9, 8, 10, 3, 2, 5]]
10-Tao3R9_8,117.51329333333334,117.51806636519565,4.061695257549092E-5,10.10494328,[[0, 4, 9, 7, 3, 5, 6, 8, 10, 2, 1]]
10-Tao3R9_9,75.74469,75.74469,0.0,9.574852349,[[0, 2, 3, 7, 6, 1, 5, 9]]
10-Tao3R9_10,86.04373000000005,86.05230000000621,9.960051715737214E-5,22.188763907,[[0, 6, 5, 2, 7, 1, 3, 4, 10, 8, 9]]
10-Tao5R1_1,98.68209333333333,98.68785422751067,5.837831345832018E-5,0.703545084,[[0, 3, 1, 6, 8, 7, 9, 10]]
10-Tao5R1_2,92.69827000000001,92.69827000000001,0.0,5.800298812,[[0, 5, 1, 3, 8, 6, 9, 10, 2]]
10-Tao5R1_3,116.57378,116.57378,0.0,6.572195317,[[0, 6, 9, 3, 4, 7, 1, 10, 2]]
10-Tao5R1_4,99.68420333333333,99.68420333333333,0.0,3.222168693,[[0, 7, 6, 4, 3, 5, 10, 2]]
10-Tao5R1_5,65.88465333333335,65.88817,5.337611247429859E-5,2.528621737,[[0, 9, 4, 10, 7, 5, 6, 1]]
10-Tao5R1_6,76.77493333333334,76.77493333333334,0.0,1.461250917,[[0, 8, 6, 5, 10, 9, 3, 2]]
10-Tao5R1_7,84.64974000000001,84.64974000000001,0.0,1.739451839,[[0, 10, 5, 1, 4, 6, 2, 9]]
10-Tao5R1_8,99.76297666666667,99.76297666666667,0.0,2.44033989,[[0, 9, 10, 5, 6, 8, 7, 1]]
10-Tao5R1_9,113.7679,113.7679,0.0,3.301052671,[[0, 2, 6, 3, 10, 8, 7, 5, 4]]
10-Tao5R1_10,96.68068666666667,96.68068666666667,0.0,2.980040804,[[0, 10, 5, 6, 4, 8, 3, 7]]
10-Tao5R3_1,33.917006666666666,33.917006666666666,0.0,16.296728958,[[0, 9, 2, 10, 7, 8, 5]]
10-Tao5R3_2,83.83823333333333,83.84597000000001,9.228088855240856E-5,7.332960956,[[0, 7, 8, 2, 9, 5, 4, 1, 10]]
10-Tao5R3_3,79.88324666666666,79.88324666666666,0.0,4.838318907,[[0, 8, 2, 1, 6, 3, 9, 7, 5]]
10-Tao5R3_4,101.69053333333333,101.69334666666667,2.7665636525979576E-5,13.865011625,[[0, 9, 3, 8, 10, 5, 7, 2, 1]]
10-Tao5R3_5,100.60261666666668,100.61078657127653,8.120966313351021E-5,3.136448792,[[0, 3, 7, 2, 10, 4, 9, 6, 5]]
10-Tao5R3_6,105.69053333333333,105.69053333333333,0.0,6.864813164,[[0, 1, 4, 7, 8, 2, 5, 9, 6]]
10-Tao5R3_7,64.82416666666667,64.82768333333334,5.424931545587622E-5,11.735926846,[[0, 7, 1, 4, 10, 6, 8, 3]]
10-Tao5R3_8,89.76016333333334,89.76016333333334,0.0,6.308304531,[[0, 2, 1, 5, 9, 7, 4, 3, 10]]
10-Tao5R3_9,94.84245333333334,94.84808000000001,5.932645633796645E-5,8.503806349,[[0, 5, 8, 9, 4, 7, 1, 3]]
10-Tao5R3_10,98.80166,98.80166,0.0,6.842596783,[[0, 2, 7, 1, 4, 6, 9, 5, 3]]
10-Tao5R5_1,98.74187666666666,98.74187666666666,0.0,5.708802585,[[0, 5, 2, 8, 1, 3, 10, 6, 9]]
10-Tao5R5_2,69.78056,69.78056,0.0,6.31259021,[[0, 5, 10, 4, 1, 6, 9, 2, 7]]
10-Tao5R5_3,103.59628666666667,103.60350780222835,6.970457913136001E-5,4.401883377,[[0, 5, 8, 6, 1, 3, 4, 7, 9, 10]]
10-Tao5R5_4,134.92918333333336,134.92918333333336,0.0,1.151019317,[[0, 9, 4, 6, 5, 2, 10, 8, 3, 1]]
10-Tao5R5_5,88.88561,88.88561,0.0,5.5557577,[[0, 7, 1, 5, 6, 3, 10, 9]]
10-Tao5R5_6,117.68561,117.6940438500029,7.16642417275554E-5,2.738810621,[[0, 3, 10, 7, 4, 5, 9, 8, 2, 1]]
10-Tao5R5_7,103.72359,103.72359,0.0,7.126358017,[[0, 10, 4, 6, 1, 7, 9, 2]]
10-Tao5R5_8,115.77844999999999,115.77844999999999,0.0,6.047559373,[[0, 9, 6, 8, 2, 4, 1, 3, 10]]
10-Tao5R5_9,83.77423,83.77423,0.0,6.868816024,[[0, 8, 9, 1, 7, 5, 10, 2]]
10-Tao5R5_10,89.87410333333332,89.87442414529275,3.5695706274367297E-6,9.914047994,[[0, 5, 4, 10, 2, 7, 1, 6]]
10-Tao5R7_1,104.90236,104.90236,0.0,7.275055783,[[0, 1, 5, 4, 9, 8, 3, 10]]
10-Tao5R7_2,82.23874333333333,82.23874333333333,0.0,5.973798801,[[0, 7, 4, 10, 5, 6, 1, 2, 3, 9]]
10-Tao5R7_3,89.22349,89.22349,0.0,5.985511883,[[0, 9, 6, 2, 7, 5, 1, 3, 8]]
10-Tao5R7_4,120.55621,120.55985566666672,3.0240388833762248E-5,8.337632339,[[0, 3, 2, 6, 1, 5, 8, 4, 7]]
10-Tao5R7_5,89.56451333333337,89.56451333333337,0.0,6.843771943,[[0, 6, 7, 5, 3, 4, 2, 8, 10, 9]]
10-Tao5R7_6,112.56885666666668,112.57729666666665,7.497633226358087E-5,6.806636876,[[0, 9, 8, 2, 6, 10, 4, 5, 3]]
10-Tao5R7_7,109.52172333333338,109.52172333333338,0.0,12.532721633,[[0, 2, 10, 7, 8, 3, 4, 5, 6, 1]]
10-Tao5R7_8,72.48126333333335,72.48829666666666,9.703657207181656E-5,12.329751939,[[0, 7, 6, 1, 10, 2, 9, 8, 4]]
10-Tao5R7_9,134.6638066666667,134.6638066666667,0.0,6.621557901,[[0, 6, 5, 2, 4, 3, 10, 7, 9, 8]]
10-Tao5R7_10,85.78056000000001,85.78056000000001,0.0,2.060487111,[[0, 5, 4, 6, 3, 2, 7, 8, 1]]
10-Tao5R9_1,102.63426666666666,102.64341,8.90865558871082E-5,4.949250628,[[0, 6, 1, 3, 9, 7, 8, 4, 2]]
10-Tao5R9_2,106.34296333333333,106.34296333333333,0.0,6.415953606,[[0, 8, 9, 4, 10, 1, 5, 2, 6]]
10-Tao5R9_3,106.03224666666668,106.03224666666668,0.0,1.608731588,[[0, 7, 4, 6, 8, 9, 1, 3, 10]]
10-Tao5R9_4,73.73906333333333,73.73906333333333,0.0,39.668563827,[[0, 4, 1, 6, 5, 9, 7, 8, 2, 3]]
10-Tao5R9_5,65.67295,65.67295,0.0,5.604507837,[[0, 9, 10, 3, 7, 6, 4, 5, 8]]
10-Tao5R9_6,112.46898333333334,112.46898333333334,0.0,9.098946062,[[0, 1, 5, 4, 8, 3, 9, 10, 2]]
10-Tao5R9_7,73.60366666666668,73.60366666666668,0.0,5.236802121,[[0, 5, 3, 9, 8, 7, 4, 2, 6]]
10-Tao5R9_8,91.97030666666666,91.97030666666666,0.0,1.421742123,[[0, 3, 4, 5, 7, 10, 9, 6]]
10-Tao5R9_9,106.50626,106.51188666666667,5.2829445580628504E-5,12.667993802,[[0, 3, 4, 5, 2, 1, 8, 6, 10, 9]]
10-Tao5R9_10,103.73343666666668,103.73906333333335,5.424159121177735E-5,6.35374569,[[0, 5, 1, 4, 6, 8, 10, 2, 3]]
10-Tao7R1_1,95.76719666666668,95.76719666666668,0.0,0.894458411,[[0, 1, 3, 2, 4, 10, 8, 7]]
10-Tao7R1_2,74.78829666666667,74.79040666666666,2.821297039815098E-5,0.345183598,[[0, 5, 10, 7, 8, 6]]
10-Tao7R1_3,87.71233666666666,87.72007333333333,8.8205000125196E-5,0.309002313,[[0, 8, 9, 6, 2, 3, 1]]
10-Tao7R1_4,82.67998333333334,82.68209333333331,2.55200825508656E-5,0.435043866,[[0, 6, 2, 5, 8, 3, 9, 7]]
10-Tao7R1_5,93.77141666666665,93.77563666666667,4.500305263611825E-5,0.285528364,[[0, 4, 7, 9, 1, 5, 2, 10, 8]]
10-Tao7R1_6,97.71515000000001,97.71515000000001,0.0,0.348565719,[[0, 7, 3, 1, 2, 9, 6, 8]]
10-Tao7R1_7,99.60894666666667,99.60894666666667,0.0,0.554218289,[[0, 3, 5, 1, 4, 8, 2, 6]]
10-Tao7R1_8,96.56674666666667,96.57448333333333,8.011729641630083E-5,0.300149114,[[0, 10, 7, 3, 4, 8, 9, 1]]
10-Tao7R1_9,85.67646666666667,85.67646666666667,0.0,0.337495319,[[0, 10, 3, 1, 9, 2, 5, 6]]
10-Tao7R1_10,76.72218333333333,76.72218333333333,0.0,0.75318171,[[0, 3, 5, 8, 2, 6, 9, 1]]
10-Tao7R3_1,81.77563666666667,81.78126036526666,6.876985406920942E-5,0.292835325,[[0, 5, 4, 10, 7, 3, 2, 9]]
10-Tao7R3_2,112.60191333333333,112.60191333333333,0.0,0.384562197,[[0, 7, 2, 5, 1, 3, 9, 4, 8]]
10-Tao7R3_3,79.72640333333334,79.72640333333334,0.0,1.291894222,[[0, 9, 4, 5, 2, 3, 10]]
10-Tao7R3_4,64.68561,64.68561,0.0,0.850564955,[[0, 2, 6, 10, 7, 8]]
10-Tao7R3_5,54.862849999999995,54.862849999999995,0.0,0.475254829,[[0, 2, 1, 4, 7, 9, 5]]
10-Tao7R3_6,73.70952333333334,73.70952333333334,0.0,0.296958627,[[0, 7, 5, 9, 2, 4, 6, 1]]
10-Tao7R3_7,83.72499666666667,83.72499666666667,0.0,0.254659194,[[0, 1, 7, 6, 10, 8, 2, 4]]
10-Tao7R3_8,82.78689,82.79111,5.0974254498490855E-5,0.621484759,[[0, 5, 8, 7, 3, 4, 2]]
10-Tao7R3_9,89.72359,89.72359,0.0,0.306697828,[[0, 8, 3, 1, 4, 2, 10, 6]]
10-Tao7R3_10,96.46335666666667,96.46335666666667,0.0,0.553075799,[[0, 3, 8, 9, 6, 2, 1, 5]]
10-Tao7R5_1,84.79181333333334,84.79603333333336,4.976895568235163E-5,0.505438408,[[0, 7, 8, 9, 2, 1, 4, 5]]
10-Tao7R5_2,84.66521333333333,84.66521333333333,0.0,0.74713573,[[0, 9, 5, 6, 10, 8, 1, 2, 3]]
10-Tao7R5_3,65.66521333333333,65.66591666666667,1.0710896952040421E-5,0.358090857,[[0, 2, 6, 3, 5, 7, 8, 4]]
10-Tao7R5_4,105.69897333333333,105.69897333333333,0.0,2.543590158,[[0, 5, 6, 3, 10, 2, 4]]
10-Tao7R5_5,92.59136333333333,92.59769333333472,6.83649076273865E-5,0.442400565,[[0, 10, 3, 7, 5, 1, 8, 6, 2]]
10-Tao7R5_6,94.7257,94.7257,0.0,0.650609718,[[0, 1, 4, 6, 8, 3, 10, 7]]
10-Tao7R5_7,109.00635000000003,109.01131079172431,4.550919945748205E-5,1.061681776,[[0, 9, 1, 7, 8, 10, 6, 4]]
10-Tao7R5_8,104.64270666666667,104.64481666666667,2.016385152116812E-5,1.11438406,[[0, 2, 4, 8, 7, 6, 1, 9]]
10-Tao7R5_9,96.60542999999998,96.60542999999998,0.0,1.333441259,[[0, 8, 5, 4, 2, 6, 10, 9]]
10-Tao7R5_10,78.58081333333334,78.58081333333334,0.0,0.302003038,[[0, 3, 9, 7, 8, 6, 2, 1]]
10-Tao7R7_1,89.03215666666667,89.03215666666667,0.0,0.433625872,[[0, 7, 6, 9, 5, 1, 2, 3, 8]]
10-Tao7R7_2,72.75875666666667,72.75875666666667,0.0,2.003370418,[[0, 7, 8, 9, 1, 4, 2, 3, 6]]
10-Tao7R7_3,94.78056000000001,94.78056000000001,0.0,0.424765358,[[0, 10, 8, 1, 2, 5, 3, 7]]
10-Tao7R7_4,72.97991999999999,72.97991999999999,0.0,0.785259198,[[0, 2, 1, 4, 9, 3, 10, 6]]
10-Tao7R7_5,95.70319333333333,95.70319333333333,0.0,0.521961357,[[0, 9, 6, 5, 2, 1, 8, 4]]
10-Tao7R7_6,80.86988333333333,80.87480666666664,6.087968883310824E-5,0.425310515,[[0, 4, 6, 10, 8, 3, 2, 7]]
10-Tao7R7_7,84.42909,84.42909,0.0,0.58701794,[[0, 3, 7, 8, 9, 5, 10, 6, 1]]
10-Tao7R7_8,116.65677333333333,116.66239999999999,4.82326615581503E-5,1.446646746,[[0, 2, 1, 6, 5, 3, 7, 8]]
10-Tao7R7_9,99.94034,99.94034,0.0,0.280050946,[[0, 7, 8, 9, 1, 4, 5, 3, 6]]
10-Tao7R7_10,100.15458000000001,100.15458000000001,0.0,0.431051735,[[0, 7, 9, 6, 10, 3, 2, 1, 4]]
10-Tao7R9_1,110.69598,110.69598,0.0,0.821888117,[[0, 6, 1, 3, 4, 8, 7, 10, 2]]
10-Tao7R9_2,91.44264333333336,91.44264333333336,0.0,0.365655768,[[0, 4, 1, 2, 7, 9, 3, 5, 8]]
10-Tao7R9_3,96.69967666666668,96.69967666666668,0.0,0.388266634,[[0, 8, 9, 1, 3, 10, 6, 4]]
10-Tao7R9_4,86.6455933333334,86.6455933333334,0.0,0.573295872,[[0, 1, 3, 10, 4, 2, 8, 9]]
10-Tao7R9_5,91.27308000000001,91.27800333333332,5.3940694598054464E-5,1.968359906,[[0, 5, 10, 6, 4, 3, 1, 8, 2, 7]]
10-Tao7R9_6,108.30162,108.30162,0.0,2.667724636,[[0, 5, 3, 9, 6, 10, 1, 4, 2, 8]]
10-Tao7R9_7,79.84031333333334,79.84031333333334,0.0,0.776846318,[[0, 9, 5, 10, 4, 6, 1, 2, 7]]
10-Tao7R9_8,72.68228666666668,72.68228666666668,0.0,1.997009437,[[0, 1, 2, 7, 4, 8, 9, 10, 3]]
10-Tao7R9_9,84.21444666666667,84.21444666666667,0.0,0.343618343,[[0, 4, 6, 9, 1, 8, 10, 7, 3]]
10-Tao7R9_10,68.77704333333332,68.77704333333332,0.0,0.347422255,[[0, 7, 9, 1, 2, 5, 4, 8, 10]]
10-Tao9R1_1,57.79251666666667,57.79251666666667,0.0,0.159089889,[[0, 1, 2, 4, 6, 5]]
10-Tao9R1_2,76.71585333333334,76.71585333333334,0.0,0.18568801,[[0, 3, 1, 2, 10, 6]]
10-Tao9R1_3,73.81994666666667,73.81994666666667,0.0,0.177424342,[[0, 5, 10, 1, 6, 9, 7]]
10-Tao9R1_4,64.86144333333334,64.86707000000001,8.674902033472394E-5,0.182677941,[[0, 10, 1, 7, 9, 2, 4]]
10-Tao9R1_5,49.813616666666675,49.813616666666675,0.0,0.198656221,[[0, 9, 7, 8, 4, 6, 2]]
10-Tao9R1_6,59.83401333333334,59.83401333333334,0.0,0.188361621,[[0, 2, 5, 9, 10, 4]]
10-Tao9R1_7,62.78689,62.79034714313709,5.506154448938563E-5,0.17946795,[[0, 1, 8, 5, 10, 4, 9]]
10-Tao9R1_8,71.81994666666667,71.82205164377261,2.9309087567421654E-5,0.167664172,[[0, 2, 3, 7, 8, 10, 6]]
10-Tao9R1_9,87.71866666666668,87.72017644485447,1.721159526433519E-5,0.224526327,[[0, 10, 8, 2, 3, 7, 6]]
10-Tao9R1_10,76.77352666666667,76.77352666666667,0.0,0.227218468,[[0, 3, 10, 1, 5, 7]]
10-Tao9R3_1,80.69545666666667,80.69967112627556,5.2226727290144393E-5,0.210655047,[[0, 9, 2, 8, 5, 7, 3]]
10-Tao9R3_2,81.76438333333334,81.76438333333333,0.0,0.171730421,[[0, 3, 8, 9, 4, 10, 6]]
10-Tao9R3_3,75.82135333333333,75.82135333333333,0.0,0.213546136,[[0, 9, 10, 1, 4, 5, 8, 6, 2]]
10-Tao9R3_4,61.526696666666666,61.526696666666666,0.0,0.223279975,[[0, 8, 10, 3, 7, 1, 9]]
10-Tao9R3_5,56.807286666666656,56.81147693109841,7.376279835958699E-5,0.221721059,[[0, 2, 4, 8, 6, 1, 5, 3]]
10-Tao9R3_6,66.7257,66.7257,0.0,0.251430672,[[0, 10, 3, 9, 8, 6, 4]]
10-Tao9R3_7,67.76016333333334,67.76016333333334,0.0,0.210127444,[[0, 3, 7, 5, 6, 8]]
10-Tao9R3_8,85.46757666666667,85.46757666666667,0.0,0.183696089,[[0, 2, 6, 3, 1, 5, 7]]
10-Tao9R3_9,59.66169666666667,59.66169666666667,0.0,0.193439192,[[0, 2, 7, 8, 6]]
10-Tao9R3_10,82.69123666666667,82.69195672167675,8.707754764623635E-6,0.210506811,[[0, 3, 10, 8, 4, 9, 5]]
10-Tao9R5_1,75.46478333333334,75.46478333333334,0.0,0.237538912,[[0, 5, 7, 3, 4, 10, 8, 9]]
10-Tao9R5_2,72.26669666666669,72.26669666666669,0.0,0.226774736,[[0, 4, 8, 1, 5, 6, 9]]
10-Tao9R5_3,81.82346333333334,81.82346333333334,0.0,0.275212797,[[0, 1, 6, 8, 9, 4]]
10-Tao9R5_4,77.75102,77.75102,0.0,0.200069339,[[0, 7, 5, 2, 8, 10]]
10-Tao9R5_5,80.15406,80.15406,0.0,0.268448067,[[0, 2, 3, 1, 4, 8, 5]]
10-Tao9R5_6,82.97148000000001,82.9757,5.086085001719106E-5,0.26560964,[[0, 2, 7, 4, 3, 6, 8, 5]]
10-Tao9R5_7,77.10461666666667,77.10461666666667,0.0,0.229090924,[[0, 5, 3, 8, 7, 9, 4, 10]]
10-Tao9R5_8,97.80588000000006,97.80799000000003,2.157334507875449E-5,0.181473524,[[0, 1, 2, 6, 10, 5, 8, 4]]
10-Tao9R5_9,108.63919,108.63919,0.0,0.237450653,[[0, 2, 1, 3, 4, 7, 8, 6, 10]]
10-Tao9R5_10,79.08126333333335,79.08126333333335,0.0,0.279816889,[[0, 3, 9, 8, 2, 7, 5]]
10-Tao9R7_1,73.77282333333333,73.77282333333333,0.0,0.201908636,[[0, 3, 9, 2, 10, 8, 1]]
10-Tao9R7_2,68.76719666666668,68.76719666666668,0.0,0.298250816,[[0, 3, 10, 2, 4, 9]]
10-Tao9R7_3,68.77493333333334,68.77493333333334,0.0,0.208874753,[[0, 6, 2, 5, 1, 9, 7]]
10-Tao9R7_4,65.70108333333333,65.70108333333333,0.0,0.314432432,[[0, 8, 2, 10, 9, 5, 4, 7]]
10-Tao9R7_5,74.90505,74.90505,0.0,0.324763115,[[0, 9, 1, 7, 4, 2, 6]]
10-Tao9R7_6,86.66029,86.66029,0.0,0.215259628,[[0, 9, 4, 2, 7, 5, 6, 1]]
10-Tao9R7_7,89.11363333333334,89.11363333333334,0.0,0.334269236,[[0, 7, 4, 10, 5, 1, 9, 2]]
10-Tao9R7_8,107.04533,107.04533,0.0,0.290411375,[[0, 10, 3, 1, 9, 4, 2, 5, 6]]
10-Tao9R7_9,94.77659333333332,94.77659333333332,0.0,0.203218867,[[0, 1, 8, 10, 5, 4, 3, 2, 7]]
10-Tao9R7_10,71.23554666666666,71.24186668256192,8.871997466124448E-5,0.248935041,[[0, 5, 2, 1, 9, 7, 10]]
10-Tao9R9_1,106.66169666666667,106.66169666666667,0.0,0.534715016,[[0, 7, 1, 8, 3, 5, 9, 6]]
10-Tao9R9_2,78.77845,78.77845,0.0,0.268530474,[[0, 2, 10, 1, 7, 5, 9, 4]]
10-Tao9R9_3,93.72148000000001,93.72148000000001,0.0,0.270531173,[[0, 7, 5, 10, 8, 1, 2, 6]]
10-Tao9R9_4,73.70102,73.70102,0.0,0.23101409,[[0, 2, 6, 5, 7, 8, 3, 9]]
10-Tao9R9_5,104.78548333333333,104.78843733333336,2.819092784666739E-5,0.362165396,[[0, 7, 6, 9, 10, 5, 2, 1, 8]]
10-Tao9R9_6,98.13367333333335,98.13367333333335,0.0,0.404484333,[[0, 2, 10, 1, 7, 4, 5, 8]]
10-Tao9R9_7,100.41629333333333,100.41629333333333,0.0,0.374431437,[[0, 8, 1, 3, 5, 4, 9, 7, 2]]
10-Tao9R9_8,70.52212,70.52212,0.0,0.313589339,[[0, 5, 6, 3, 8, 2, 7]]
10-Tao9R9_9,95.98343666666666,95.98343666666666,0.0,0.238912046,[[0, 10, 9, 2, 6, 8, 3]]
10-Tao9R9_10,95.06098333333338,95.06098333333338,0.0,0.772999497,[[0, 1, 10, 3, 6, 5, 7, 8]]
15-Tao1R1_1,135.62934333333334,135.96163187473562,0.00244997530206553,900.148753842,[[0, 13, 15, 8, 6, 11, 12, 7, 10, 9, 4, 1, 14, 5]]
15-Tao1R3_1,142.57870333333335,149.87973000000002,0.05120699302190001,904.35251299,[[0, 5, 2, 6, 10, 14, 9, 7, 3, 1, 4, 15, 12, 11]]
15-Tao1R5_1,210.41834333333333,218.88647518013158,0.040244266315601004,906.376028875,[[0, 15, 4, 6, 10, 12, 9, 13, 11, 3, 5, 8, 1, 2, 7]]
15-Tao1R7_1,169.61246333333335,173.94654666666668,0.025552858841588488,903.747614083,[[0, 10, 12, 8, 2, 6, 1, 7, 3, 11, 5, 9, 13, 14, 15]]
15-Tao1R9_1,154.38388,163.93716512278294,0.06188006884382457,902.791291526,[[0, 15, 11, 13, 14, 12, 4, 8, 6, 9, 7, 2, 10]]
15-Tao3R1_1,163.58433000000002,168.97327333333337,0.03294290677676798,900.169994987,[[0, 15, 11, 7, 14, 5, 4, 8, 10, 6, 2, 13, 3]]
15-Tao3R3_1,171.50204,177.49091970454552,0.03492016599069045,900.134943027,[[0, 14, 10, 2, 8, 9, 1, 11, 3, 15, 4, 12, 7]]
15-Tao3R5_1,181.42607999999998,181.94461214483974,0.0028580904401366513,900.16621887,[[0, 7, 2, 10, 1, 6, 14, 15, 8, 3, 13, 9, 11, 5]]
15-Tao3R7_1,185.63989333333333,192.94717093026424,0.03936264703517193,903.090393235,[[0, 1, 6, 8, 4, 11, 2, 7, 9, 12, 14, 13, 15, 5]]
15-Tao3R9_1,109.64974000000001,115.99640590759076,0.057881267275097584,900.264676338,[[0, 15, 2, 12, 7, 10, 4, 11, 3, 5, 13, 8, 6, 9, 1]]
15-Tao5R1_1,145.54775666667229,154.92404,0.06442066540946047,900.25131023,[[0, 11, 8, 9, 14, 3, 15, 10, 4, 1, 13, 7]]
15-Tao5R3_1,149.58151666666666,169.7562430745834,0.13487446081230356,900.359327457,[[0, 12, 8, 5, 14, 3, 9, 15, 11, 6, 1, 10]]
15-Tao5R5_1,156.25170670672495,166.86672848504696,0.06793539732810075,900.322186539,[[0, 4, 12, 2, 6, 5, 8, 15, 1, 11, 3, 7, 10]]
15-Tao5R7_1,140.47953333333334,140.49260361110242,9.304044125819916E-5,881.24394768,[[0, 8, 15, 6, 13, 12, 3, 14, 4, 11, 9, 1, 7]]
15-Tao5R9_1,134.48164333333335,143.67973226073497,0.06839661309459093,900.206886244,[[0, 8, 12, 5, 4, 7, 11, 14, 3, 9, 15, 13, 10]]
15-Tao7R1_1,152.7046,152.71470975671537,6.620466387626324E-5,71.090419566,[[0, 7, 12, 6, 10, 11, 3, 9, 13, 4, 5, 14]]
15-Tao7R3_1,148.61176,148.62601461934239,9.59185150782923E-5,247.085976388,[[0, 3, 12, 9, 11, 7, 13, 10, 1, 5, 15, 4, 14]]
15-Tao7R5_1,129.74398666667088,129.7545366666667,8.13139804537774E-5,430.377508309,[[0, 9, 10, 2, 6, 12, 5, 8, 15, 11, 7, 14, 4]]
15-Tao7R7_1,99.72710666666667,99.72710666666667,0.0,69.324224296,[[0, 15, 7, 13, 11, 1, 5, 9, 4, 3, 12]]
15-Tao7R9_1,150.65607,153.98241666666667,0.02207907498625484,900.242778859,[[0, 1, 11, 6, 10, 7, 9, 3, 13, 15, 2, 12, 4]]
15-Tao9R1_1,117.61527666666666,117.62342979443605,6.932031280672537E-5,1.348922656,[[0, 14, 6, 8, 1, 11, 4, 10, 9, 5]]
15-Tao9R3_1,130.60472666666666,130.61067056934272,4.551062452140152E-5,2.902984907,[[0, 15, 11, 2, 4, 5, 8, 12, 10, 3]]
15-Tao9R5_1,138.7592833333334,138.7592833333334,0.0,2.787397893,[[0, 14, 1, 9, 10, 6, 12, 15, 3, 11, 5, 8, 13]]
15-Tao9R7_1,144.93343,144.93722806924058,2.6205612056414452E-5,2.114207542,[[0, 2, 12, 11, 6, 14, 9, 15, 1, 8, 10, 7]]
15-Tao9R9_1,90.75313,90.75313,0.0,4.234580531,[[0, 12, 7, 6, 2, 5, 13, 1]]
20-Tao1R1_1,205.48023666666666,209.86048692663854,0.02131713653355125,1200.267473806,[[0, 4, 18, 19, 9, 17, 3, 20, 8, 12, 14, 5, 6, 7, 1, 13, 16]]
20-Tao1R3_1,239.24532333333332,251.93624869855356,0.05304565702015019,1200.301242354,[[0, 20, 6, 11, 2, 15, 5, 4, 8, 19, 1, 17, 14, 13, 16, 12, 3, 10, 18]]
20-Tao1R5_1,212.54142666667724,222.98556041792548,0.049139285056284926,1200.57991968,[[0, 11, 7, 2, 12, 8, 10, 17, 9, 5, 4, 6, 3, 20, 15, 14, 18, 19, 16]]
20-Tao1R7_1,244.3135466666681,246.98171333333335,0.010921075409316163,1200.379281289,[[0, 12, 5, 14, 4, 1, 19, 17, 3, 20, 15, 13, 7, 6, 18, 2, 8, 9, 11, 10]]
20-Tao1R9_1,222.78413666666665,231.99296666666666,0.04133521415743473,1200.592125256,[[0, 7, 9, 1, 2, 3, 13, 18, 15, 17, 6, 11, 8, 16, 5, 12, 14, 4, 20, 19]]
20-Tao3R1_1,160.4387400000021,182.9527617517259,0.1403278394713737,1200.363231818,[[0, 5, 1, 9, 14, 8, 13, 11, 15, 18, 3, 16, 7, 20, 4, 19]]
20-Tao3R3_1,170.49571000100212,188.99999999999838,0.10853229092319473,1200.409094766,[[0, 1, 18, 15, 17, 19, 10, 14, 8, 4, 11, 2, 6, 20, 13, 9, 3]]
20-Tao3R5_1,191.3733300020049,228.0,0.19138858062193015,1200.378496224,[[0, 6, 9, 8, 1, 4, 19, 3, 5, 11, 15, 20, 18, 7, 13, 12, 2]]
20-Tao3R7_1,226.31284333334176,241.0,0.0648975835852969,1200.403888464,[[0, 12, 20, 11, 2, 14, 18, 8, 3, 17, 15, 9, 6, 5, 19, 7, 16, 10]]
20-Tao3R9_1,167.58925333333406,187.0,0.11582333759818417,1200.477569066,[[0, 2, 1, 7, 12, 3, 16, 11, 17, 13, 20, 9, 18, 6, 19, 14, 8, 4]]
20-Tao5R1_1,195.22492666666668,203.44752603236793,0.04211859369647287,1200.408254599,[[0, 1, 6, 7, 4, 16, 19, 18, 5, 15, 3, 20, 8, 12, 17, 14]]
20-Tao5R3_1,164.54775666666666,212.94025944465108,0.2940939685734296,1200.399233172,[[0, 2, 19, 18, 12, 7, 6, 5, 3, 20, 17, 4, 9, 10]]
20-Tao5R5_1,177.3944300000028,207.58197706510225,0.17017189922525722,1200.756362445,[[0, 1, 9, 15, 7, 12, 8, 4, 20, 11, 19, 14, 13, 6, 5]]
20-Tao5R7_1,232.31847000005135,248.0,0.06750014322984495,1200.508136888,[[0, 6, 4, 7, 5, 2, 3, 18, 19, 9, 10, 20, 17, 12, 1, 8, 16, 14, 15]]
20-Tao5R9_1,192.21131000200356,243.96232266570897,0.26924020580859187,1200.480837085,[[0, 10, 1, 19, 8, 12, 3, 20, 2, 11, 16, 15, 18, 6, 14]]
20-Tao7R1_1,202.40428166390592,206.78126333333333,0.021624946040881006,1200.401948718,[[0, 20, 10, 2, 12, 13, 8, 9, 3, 7, 11, 17, 1, 16, 6, 19, 4]]
20-Tao7R3_1,177.5147,185.87404488577133,0.04709100083410902,1200.504382715,[[0, 3, 15, 9, 1, 7, 14, 11, 20, 12, 10, 16, 13, 19, 6, 5, 8]]
20-Tao7R5_1,173.68490666666668,197.7671017257807,0.13865450672301835,1200.592892766,[[0, 11, 10, 6, 3, 12, 9, 4, 15, 13, 20, 2, 8, 19, 17, 1]]
20-Tao7R7_1,223.35223000000002,245.73132588775894,0.1001964291457887,1200.838698274,[[0, 16, 2, 13, 19, 9, 12, 14, 4, 1, 18, 20, 7, 8, 11]]
20-Tao7R9_1,182.4971166666898,208.89239,0.14463391978681886,1200.98935139,[[0, 19, 15, 3, 9, 1, 8, 2, 4, 11, 13, 10, 17, 18, 5]]
20-Tao9R1_1,155.29596333333333,155.29783192584577,1.2032460292772026E-5,13.34585066,[[0, 4, 1, 7, 19, 2, 16, 15, 18, 20, 8, 12, 17, 14]]
20-Tao9R3_1,148.53439333333336,148.54695885572158,8.459671936062437E-5,42.361874288,[[0, 12, 19, 20, 7, 6, 18, 13, 4, 11, 5, 10]]
20-Tao9R5_1,157.47039,157.47039,0.0,42.639925999,[[0, 1, 19, 12, 7, 15, 14, 11, 20, 6, 5, 18]]
20-Tao9R7_1,192.89967000000001,192.89967000000001,0.0,80.999354881,[[0, 12, 9, 15, 7, 4, 1, 11, 18, 19, 13, 8, 10, 2, 17, 14]]
20-Tao9R9_1,197.63048666666663,197.63048666666663,0.0,287.404675968,[[0, 12, 10, 2, 8, 18, 13, 9, 7, 11, 16, 1, 19, 6, 3, 17, 4]]
25-Tao1R1_1,292.31354666666664,309.7742300000001,0.059732720335532036,1501.072330386,[[0, 12, 23, 19, 25, 11, 9, 1, 24, 13, 21, 2, 20, 5, 7, 10, 3, 6, 15, 16, 14, 22]]
25-Tao1R3_1,246.33675666666667,290.0,0.17725021602195976,1501.302251724,[[0, 20, 21, 17, 11, 8, 18, 14, 12, 16, 10, 6, 24, 23, 19, 5, 15, 2, 3]]
25-Tao1R5_1,209.3923200000028,245.0,0.1700524641972529,1503.056338454,[[0, 6, 23, 24, 21, 15, 3, 2, 17, 19, 18, 16, 20, 9, 8, 5, 13, 11, 25, 10, 7]]
25-Tao1R7_1,241.22492666767374,270.0,0.119287313006241,1501.038841243,[[0, 4, 17, 11, 9, 2, 19, 6, 5, 8, 18, 20, 1, 7, 23, 15, 21, 3, 24, 13, 14, 10, 22]]
25-Tao1R9_1,260.36911000000066,287.0,0.10228129596475191,1501.028916746,[[0, 3, 12, 4, 5, 13, 7, 19, 1, 16, 6, 17, 14, 8, 11, 18, 24, 21, 25, 23, 9]]
25-Tao3R1_1,215.31987666666666,293.6652189858401,0.36385559722580685,1501.010570591,[[0, 12, 18, 4, 14, 23, 11, 3, 5, 16, 2, 1, 7, 8, 6, 20]]
25-Tao3R3_1,186.55901,246.22609408774963,0.3198295493083805,1501.189602123,[[0, 2, 3, 15, 4, 24, 16, 12, 14, 21, 7, 22, 5, 20, 25, 23, 6, 19, 8, 17]]
25-Tao3R5_1,211.19327666666805,270.0,0.2784497890343371,1503.613020192,[[0, 12, 18, 16, 19, 20, 17, 10, 13, 23, 14, 7, 6, 1, 2, 3, 11, 5, 15]]
25-Tao3R7_1,223.43170666666808,272.0,0.21737422167108966,1501.981740642,[[0, 10, 20, 2, 12, 13, 18, 4, 1, 16, 3, 25, 11, 24, 7, 21, 5, 23, 15, 14, 22]]
25-Tao3R9_1,228.74124340575383,290.0,0.26780809478050804,1501.146551758,[[0, 8, 20, 19, 3, 13, 22, 16, 15, 14, 2, 17, 11, 4, 7, 24, 9, 23, 21, 18]]
25-Tao5R1_1,186.58433000100564,283.00000000000045,0.5167404465231539,1501.106802082,[[0, 21, 2, 16, 23, 15, 5, 12, 17, 19, 24, 18, 9, 25, 14, 20]]
25-Tao5R3_1,211.3015900000176,287.9964833333334,0.3629641089462371,1501.018038467,[[0, 14, 4, 22, 7, 3, 6, 23, 12, 2, 10, 1, 13, 21, 9, 15, 25, 16]]
25-Tao5R5_1,218.21859666668917,265.8519152677611,0.21828258145114035,1501.030801879,[[0, 13, 8, 23, 1, 25, 21, 19, 4, 9, 22, 5, 11, 17, 14, 15, 16, 20, 18]]
25-Tao5R7_1,209.3262066666821,282.20559685362826,0.3481618061467091,1501.476712808,[[0, 22, 19, 15, 13, 8, 7, 3, 20, 23, 16, 6, 24, 5, 14, 18, 12, 10]]
25-Tao5R9_1,235.20031000000142,300.0,0.27550852292656686,1501.544642926,[[0, 19, 1, 23, 22, 15, 6, 18, 3, 21, 25, 11, 24, 2, 20, 14, 17, 12, 10, 5]]
25-Tao7R1_1,203.41553,290.9686475217655,0.4304151090220224,1501.43191872,[[0, 12, 4, 13, 21, 3, 24, 22, 2, 18, 6, 1, 16, 10, 11, 7, 20, 23]]
25-Tao7R3_1,186.61809000000915,247.52625094818652,0.3263786535814494,1501.178255243,[[0, 19, 11, 13, 14, 3, 5, 10, 17, 24, 4, 23, 18, 20, 7, 6, 25]]
25-Tao7R5_1,199.19788333333452,287.8340002196836,0.44496515426312216,1500.966713218,[[0, 14, 7, 22, 3, 23, 9, 25, 2, 11, 18, 15, 24, 6, 20, 10, 13, 16, 21]]
25-Tao7R7_1,192.97642000172456,252.93951236070905,0.3107275612140465,1500.747244956,[[0, 19, 1, 4, 7, 21, 6, 25, 11, 13, 12, 15, 22, 16, 17, 14, 5, 24]]
25-Tao7R9_1,239.38458333365855,301.86636666666664,0.26101005529622495,1500.994171985,[[0, 10, 25, 14, 5, 7, 22, 4, 6, 20, 11, 23, 13, 8, 3, 15, 17, 16, 1]]
25-Tao9R1_1,207.34801000000002,207.35726730056436,4.464619922968432E-5,39.127577551,[[0, 23, 22, 7, 12, 9, 15, 18, 21, 10, 6, 13, 17, 14, 1, 3, 16, 11, 25]]
25-Tao9R3_1,182.39091333333334,182.4051040772914,7.78040073308109E-5,75.361623165,[[0, 14, 22, 20, 3, 21, 15, 11, 8, 7, 25, 19, 10, 2, 9, 16]]
25-Tao9R5_1,232.2129966666668,232.21581000000026,1.2115313844757313E-5,194.809428004,[[0, 18, 16, 17, 1, 8, 4, 14, 11, 5, 6, 24, 13, 21, 22, 19, 15, 10, 25]]
25-Tao9R7_1,184.592193382289,221.78279726877813,0.20147441343549957,1500.631837385,[[0, 12, 3, 19, 23, 20, 6, 8, 4, 25, 1, 22, 21, 9, 7, 2]]
25-Tao9R9_1,262.5461833333333,262.57009666666664,9.108238798107295E-5,482.988879374,[[0, 3, 2, 9, 20, 21, 25, 16, 15, 1, 4, 14, 7, 18, 12, 22, 8, 19, 5, 11, 23]]
50-Tao1R1_1,193.4274866666737,533.0000000000002,1.7555545966345698,3010.409922742,[[0, 1, 3, 8, 37, 12, 29, 25, 33, 46, 20, 49, 47, 48, 10, 2, 4, 35, 40, 34]]
50-Tao1R3_1,208.26431333333335,507.0,1.4344065091381628,3013.138500691,[[0, 42, 38, 39, 46, 34, 4, 6, 30, 17, 20, 2, 15, 49, 8, 18, 29]]
50-Tao1R5_1,239.1545933333333,594.0,1.483749075109485,3005.02145911,[[0, 8, 31, 1, 22, 30, 44, 21, 23, 16, 40, 15, 7, 5, 25, 33, 18, 9, 48, 26, 13]]
50-Tao1R7_1,309.0378400000014,617.0,0.9965192612008212,3004.086309919,[[0, 25, 21, 47, 43, 7, 20, 2, 35, 22, 8, 15, 4, 12, 3, 24, 30, 46, 48, 6, 44, 42, 49, 19, 27]]
50-Tao1R9_1,302.2010133333348,558.0,0.8464531069736297,3004.858605294,[[0, 33, 49, 50, 20, 43, 9, 31, 27, 26, 8, 39, 32, 34, 45, 38, 28, 48, 10, 21, 5, 7, 12, 47, 4, 44, 23, 17]]
50-Tao3R1_1,379.08988666667085,576.4999999999992,0.5207475067960772,3005.031624491,[[0, 28, 49, 10, 15, 22, 42, 48, 43, 2, 46, 38, 45, 17, 36, 3, 12, 29, 6, 35, 44, 25, 26, 30, 5, 32, 37, 24, 7]]
50-Tao3R3_1,265.16725513713516,638.0000000000001,1.4060286013441154,3011.061853418,[[0, 20, 43, 26, 6, 36, 44, 11, 1, 37, 32, 39, 10, 46, 28, 3, 38, 17, 13, 22, 33]]
50-Tao3R5_1,373.02658666667935,573.0,0.5360835406403747,3004.956647799,[[0, 17, 47, 14, 31, 13, 6, 3, 5, 44, 48, 19, 30, 36, 38, 7, 10, 12, 20, 34, 29, 45, 32, 35, 25, 37, 50, 28, 23]]
50-Tao3R7_1,287.0350266666667,558.0,0.9440136156201944,3006.612118097,[[0, 16, 46, 31, 20, 50, 37, 11, 9, 44, 7, 28, 4, 6, 23, 12, 19, 34, 36, 3, 48, 27, 29, 17, 41]]
50-Tao3R9_1,278.9461714357581,491.0,0.7601962323867288,3005.499035978,[[0, 36, 39, 43, 35, 13, 29, 19, 7, 40, 1, 44, 30, 18, 34, 41, 5, 8, 42, 20, 50, 38, 33, 3, 4]]
50-Tao5R1_1,334.2171932736461,526.9999999999959,0.5768189387206297,3005.487600839,[[0, 27, 41, 20, 49, 19, 46, 13, 36, 25, 12, 43, 3, 47, 2, 15, 6, 10, 38, 35, 45, 42, 44, 40, 28, 33, 30, 34]]
50-Tao5R3_1,199.41271666666665,524.0,1.62771606926023,3047.90906112,[[0, 28, 4, 12, 35, 41, 10, 38, 45, 26, 17, 1, 39, 20, 32, 30, 3]]
50-Tao5R5_1,324.1731266666691,585.0,0.8045912874247767,3006.922317026,[[0, 24, 3, 23, 26, 36, 14, 13, 30, 43, 16, 12, 15, 19, 38, 49, 31, 46, 21, 20, 6, 40, 7, 18, 48, 39, 8, 37, 10, 17, 1]]
50-Tao5R7_1,321.0195533333523,552.0,0.7195214256208302,3005.505481806,[[0, 9, 25, 20, 7, 23, 34, 4, 45, 18, 19, 3, 41, 29, 48, 13, 16, 21, 1, 28, 37, 47, 32, 27, 6, 30, 43, 10]]
50-Tao5R9_1,370.8212133333355,603.0,0.6261205624660251,3006.331583921,[[0, 27, 48, 7, 1, 32, 36, 23, 46, 14, 34, 6, 47, 12, 4, 41, 8, 10, 49, 35, 13, 21, 30, 29, 11, 39, 45, 26, 31, 20]]
50-Tao7R1_1,252.3416814876147,480.46883465651234,0.9040407110864246,3006.528382316,[[0, 39, 19, 5, 8, 32, 38, 16, 24, 7, 49, 41, 34, 50, 2, 22, 27, 40, 26, 14, 13, 21, 20]]
50-Tao7R3_1,345.0104099999981,534.0,0.5477793843958162,3006.228564296,[[0, 35, 9, 41, 40, 10, 11, 12, 39, 25, 16, 47, 27, 38, 3, 43, 6, 24, 15, 5, 2, 45, 48, 21, 42, 30, 32]]
50-Tao7R5_1,344.97946333333334,549.0,0.591399078354628,3006.957937062,[[0, 8, 49, 13, 26, 37, 7, 32, 45, 20, 48, 15, 27, 3, 31, 41, 19, 18, 11, 30, 17, 40, 28, 23, 1, 25, 29, 4, 50]]
50-Tao7R7_1,244.97381333333612,544.9749827610829,1.2246254623934534,3009.429388956,[[0, 39, 6, 21, 7, 45, 49, 26, 29, 47, 14, 27, 40, 17, 44, 34, 28, 15, 19, 8, 24]]
50-Tao7R9_1,244.48737333333332,593.3025566666668,1.426720646458978,3008.555195964,[[0, 27, 50, 13, 44, 11, 20, 14, 26, 17, 37, 23, 32, 36, 45, 49, 48, 30, 8, 16, 4, 10]]
50-Tao9R1_1,244.07019333334912,379.4851767949914,0.5548198311812622,3005.123468391,[[0, 3, 32, 6, 45, 46, 17, 4, 50, 33, 26, 9, 43, 14, 10, 34, 48, 36, 23, 29, 15, 39, 12, 2, 40]]
50-Tao9R3_1,309.068786666725,533.0723837675231,0.7247693936245758,3005.994282674,[[0, 23, 44, 27, 1, 35, 39, 6, 24, 21, 5, 26, 12, 43, 38, 13, 41, 9, 4, 33, 25, 20, 30, 15, 47]]
50-Tao9R5_1,301.27697333335016,446.4423190012176,0.48183352368984395,3003.519146824,[[0, 40, 32, 21, 43, 12, 14, 3, 34, 22, 33, 39, 38, 49, 31, 19, 11, 27, 9, 10, 18, 48, 25, 8, 50, 1]]
50-Tao9R7_1,349.1904633334923,452.95922523239574,0.29716951862963675,3013.050307102,[[0, 31, 17, 23, 14, 36, 29, 33, 16, 25, 45, 8, 19, 38, 43, 15, 1, 4, 21, 5, 40, 12, 13, 41, 27, 46, 34, 28, 7]]
50-Tao9R9_1,353.96891333333684,498.9478681866866,0.4095810377471774,3006.024705186,[[0, 23, 6, 47, 30, 48, 5, 20, 7, 2, 50, 9, 38, 40, 28, 1, 34, 46, 37, 22, 42, 21, 13, 36, 24, 4, 27]]
