10-Tao1R1_1,122.62719414704019,122.62719414704019,0.0,0.029241271,[[0, 6, 8, 7, 4, 3, 2, 1, 10, 9, 5]]
10-Tao1R5_1,118.13494454821712,118.13494454821712,0.0,0.021547244,[[0, 5, 3, 10, 4, 7, 2, 9, 1, 8, 6]]
10-Tao1R9_1,93.64580690620846,93.64580690620846,0.0,0.023682447,[[0, 3, 2, 5, 1, 7, 6, 8, 9]]
10-Tao5R1_1,106.49738674457492,106.49738674457492,0.0,0.020257928,[[0, 6, 5, 1, 10, 3, 9]]
10-Tao5R5_1,105.64091394813883,105.64091394813883,0.0,0.020206905,[[0, 10, 5, 7, 1, 3, 2, 6, 4, 9, 8]]
10-Tao5R9_1,107.49523747523551,107.49523747523551,0.0,0.022245561,[[0, 7]]
10-Tao9R1_1,94.68789155917378,94.68789155917378,0.0,0.019044755,[[0, 1, 7, 8, 5]]
10-Tao9R5_1,112.00866493060309,112.00866493060309,0.0,0.018010994,[[0]]
10-Tao9R9_1,137.54350732333245,137.54350732333245,0.0,0.019115788,[[0, 4, 2, 8, 10, 5]]
15-Tao1R1_1,139.5265485034431,139.5265485034431,0.0,0.043855192,[[0, 15, 8, 6, 13, 5, 11, 2, 12, 7, 14, 10, 9, 4, 1]]
15-Tao1R5_1,218.15682432183883,218.1598669035625,1.3946763907655221E-5,0.138232541,[[0, 15, 14, 5, 8, 1, 2, 13, 11, 3]]
15-Tao1R9_1,163.1043377052085,163.10534872553959,6.198610933965713E-6,0.146111044,[[0, 12, 4, 8, 3, 5, 9, 1, 10, 13, 14, 6, 15, 11]]
15-Tao5R1_1,157.79861787666937,157.79861787666937,0.0,0.061883501,[[0, 7, 4, 9, 13, 10, 1, 14, 3, 11, 6, 8]]
15-Tao5R5_1,171.49967674453626,171.49967674453626,0.0,0.032731757,[[0, 7, 3, 10, 6, 5, 8, 15, 4]]
15-Tao5R9_1,143.24301009353937,143.24611797864003,2.1696591677524257E-5,0.089529304,[[0, 6, 4, 7, 3, 9]]
15-Tao9R1_1,165.85274899911713,165.85274899911713,0.0,0.05716326,[[0, 2, 14, 12, 1, 15, 3]]
15-Tao9R5_1,182.65681277796483,182.65681277796483,0.0,0.048754126,[[0, 7, 11, 5]]
15-Tao9R9_1,151.21138394314224,151.21138394314224,0.0,0.033892977,[[0, 11, 5, 9, 6]]
20-Tao1R1_1,211.76441647078957,211.76537546506142,4.528590250603751E-6,0.107672169,[[0, 10, 16, 17, 13, 14, 5, 6, 7, 1, 9, 15, 3, 20, 8, 12, 19, 18, 4]]
20-Tao1R5_1,222.38647217871818,222.38795624393813,6.6733610431210806E-6,0.106390072,[[0, 11, 19, 20]]
20-Tao1R9_1,231.10634462379832,231.10959709640068,1.4073489014974236E-5,0.136305441,[[0, 16, 5, 11, 8, 19, 10]]
20-Tao5R1_1,204.94526897615253,204.96427477125405,9.273595431823706E-5,0.10740531,[[0, 1, 9, 15, 10, 16, 17, 3, 20, 8, 12, 14, 5, 6, 7, 4]]
20-Tao5R5_1,208.53754154485082,208.53754154485082,0.0,0.104580376,[[0, 20]]
20-Tao5R9_1,245.96859390789405,245.97650991091584,3.2182982778491045E-5,0.126349854,[[0]]
20-Tao9R1_1,201.3630563998579,201.38146558311024,9.142284380000514E-5,0.067256414,[[0, 1, 15, 10, 16, 19, 18]]
20-Tao9R5_1,201.49064676272292,201.49587892046415,2.596724872987134E-5,0.063987763,[[0, 20, 6, 13, 18]]
20-Tao9R9_1,223.66795395260476,223.66942418785476,6.573294135410932E-6,0.23757584,[[0, 20, 13, 19]]
25-Tao1R1_1,309.93998326999065,309.96645277691783,8.540204025280244E-5,0.341764259,[[0, 4, 12, 23, 13, 21, 16]]
25-Tao1R5_1,244.00556579623583,244.0073367614166,7.257888462512309E-6,0.232972387,[[0, 21, 3, 2, 19, 12, 25, 10, 23, 24, 1, 11, 14]]
25-Tao1R9_1,286.1239086661828,286.1259289454108,7.060854290147772E-6,0.353933678,[[0, 19, 3, 10]]
25-Tao5R1_1,285.8719350690129,285.87280559825984,3.0451721212646263E-6,0.226018524,[[0, 19]]
25-Tao5R5_1,264.6847455343965,264.68626598994723,5.744401883366131E-6,0.41030664,[[0, 8, 7, 18, 5, 14, 11, 1, 15, 2, 9, 22, 17, 16]]
25-Tao5R9_1,298.07222261578744,298.08756394552444,5.1468498481214316E-5,0.294467847,[[0, 8, 13, 21, 22, 2, 18, 3, 16]]
25-Tao9R1_1,264.6761286997518,264.6761286997518,0.0,0.273610168,[[0, 15, 11, 6, 19, 1, 14, 25]]
25-Tao9R5_1,279.10511524779713,279.10511524779713,0.0,0.259218991,[[0, 13, 21]]
25-Tao9R9_1,294.7413836324737,294.74277812832037,4.731252291400865E-6,0.277917312,[[0, 14, 22]]
50-Tao1R1_1,532.3025719981941,532.3389893545218,6.841476679503544E-5,9.575080138,[[0]]
50-Tao1R5_1,591.2988497301012,591.3484648087822,8.390863385513195E-5,704.880779522,[[0, 25, 45]]
50-Tao1R9_1,555.7318388423944,555.7611246533187,5.269773814886145E-5,21.379243695,[[0, 47, 14, 5, 19, 21, 41, 32, 42, 29, 22, 12, 33, 25, 9]]
50-Tao5R1_1,524.7505008149153,524.7962116340221,8.710962454696923E-5,13.378900603,[[0, 19, 17]]
50-Tao5R9_1,599.319517240335,599.3757364438239,9.380506035876043E-5,18.964159122,[[0, 12, 5]]
50-Tao9R1_1,457.5879077539221,457.59956997524074,2.5486296995697407E-5,2.007968384,[[0, 14, 43, 28, 40, 10, 15, 12, 35]]
50-Tao9R5_1,533.289807414576,533.3018103059727,2.2507258210891945E-5,4.912477816,[[0]]
50-Tao9R9_1,549.3252892983303,549.3282222847681,5.339252524806877E-6,4.864995275,[[0, 24, 2]]
100-Tao1R1_1,1040.600901885747,1077.1980353755869,0.03516923099289668,3601.815778475,[[]]
100-Tao1R5_1,1116.7764819386246,1163.8501614170298,0.042151388607938156,3601.224913793,[[]]
100-Tao1R9_1,1140.7911768237645,1158.7438401126176,0.015737028523341124,3601.479997903,[[]]
100-Tao5R1_1,1223.3537765273,1223.6328548863514,2.2812563659522196E-4,3600.592743773,[[]]
100-Tao5R5_1,1050.354103326325,1051.783023926445,0.0013604179729432013,3600.607278601,[[]]
100-Tao5R9_1,1096.3802389089033,1112.9770180006267,0.015137794811258824,3601.432286213,[[]]
100-Tao9R1_1,1058.151755463886,1058.250433796563,9.32553692486059E-5,265.804416785,[[]]
100-Tao9R5_1,972.1569112888556,972.2436444308183,8.921722507510096E-5,110.244530689,[[]]
100-Tao9R9_1,1038.75604014906,1040.7243192887834,0.0018948425459366773,3600.194737456,[[]]
50-Tao5R5_1,581.379225189045,581.4945877097499,1.9842903858045943E-4,3600.528947468,[[]]
