50-Tao1R1_1,532.3389689111921,532.380448277249,7.791908629526813E-5,5.986327293,[[0, 18, 17, 16, 36, 8, 21, 28, 12, 6, 45, 26]]
50-Tao1R5_1,591.5193891191215,591.5740552942935,9.241653980858701E-5,10.106253476,[[0, 6, 12, 9, 46, 30, 25, 45, 24, 2, 42, 19, 13]]
50-Tao1R9_1,555.8676497748849,555.9024716732595,6.264422545314944E-5,6.155333929,[[0, 24, 6, 37, 32, 26, 49, 44, 23, 19, 3, 36, 41, 8, 43, 38, 9]]
50-Tao5R1_1,524.9340886944532,524.981282012968,8.990332220980079E-5,4.960507245,[[0, 29, 44, 15, 6, 10, 5]]
50-Tao5R5_1,581.921395990143,581.9404027096128,3.2662004870138845E-5,6.857377658,[[0, 32, 29, 4, 36, 1, 42, 43, 12, 19, 39, 33, 41, 14, 21, 35, 47, 23]]
50-Tao5R9_1,599.9849648917886,599.9892914371708,7.211089669400855E-6,3.269743187,[[0, 12, 8, 10]]
50-Tao9R1_1,461.4144348439512,461.4144348439512,0.0,2.200609349,[[0]]
50-Tao9R5_1,535.7877579535464,535.7887760150063,1.9001207937881849E-6,2.283070217,[[0, 17, 30]]
50-Tao9R9_1,551.449754691736,551.5039876212913,9.834609426146078E-5,2.52651293,[[0, 24, 31, 42]]
100-Tao1R1_1,1070.834515241645,1076.1355467603191,0.004950374164468708,3600.451148193,[[0, 74, 94, 25, 16, 86, 14, 9, 77, 15]]
100-Tao1R5_1,1162.5423205250036,1163.0108503067008,4.0302169944715866E-4,3600.733230708,[[0, 51]]
100-Tao1R9_1,1157.8130200125333,1158.1534511805573,2.940294867475946E-4,3600.756877261,[[0, 18, 21, 71]]
100-Tao5R1_1,1222.9054434868763,1223.0273076375834,9.965132738277391E-5,3417.637608882,[[0]]
100-Tao5R5_1,1049.860050882764,1051.0553212992156,0.0011385045230042844,3600.357343393,[[0]]
100-Tao5R9_1,1107.9732606921352,1111.8087676742116,0.0034617324426042865,3601.032115519,[[0, 91, 38, 50, 46, 100, 37, 86]]
100-Tao9R1_1,1057.9791237055124,1057.98144459104,2.1936969033900275E-6,52.46430432,[[0, 10, 42, 94, 63]]
100-Tao9R5_1,972.7794060037779,972.7957042280932,1.6754285930281404E-5,48.671682614,[[0, 40, 37, 9, 65, 59, 90, 3, 58, 53, 52, 55]]
100-Tao9R9_1,1041.7769358487435,1041.8758500348808,9.494756769282847E-5,79.433543357,[[0, 50]]
