10-Tao1R1_1,118.706466885125,118.70850542734145,1.7172966814223756E-5,0.329647178,[[0, 6, 8, 10, 9, 5, 7, 4, 3, 2]]
10-Tao1R5_1,107.5104360286875,107.51673288255358,5.85696988932648E-5,15.654938915,[[0, 3, 5, 8, 2, 9, 1, 6, 7]]
10-Tao1R9_1,93.61922802231251,93.62857211196597,9.980951403718201E-5,5.39256609,[[0, 2, 7, 9, 8, 3, 5, 6, 1, 10, 4]]
10-Tao5R1_1,98.53609451775,98.53609451775,0.0,0.098329374,[[0, 3, 1, 6, 8, 7, 9, 10]]
10-Tao5R5_1,98.62333338056251,98.63027384548023,7.037345706953726E-5,0.70918121,[[0, 5, 2, 8, 1, 3, 10, 6, 9]]
10-Tao5R9_1,102.46630342750001,102.47521160273652,8.693760717939335E-5,1.170781716,[[0, 6, 1, 3, 9, 7, 8, 4, 2]]
10-Tao9R1_1,57.6972298290625,57.6972298290625,0.0,0.026660354,[[0, 1, 2, 4, 6, 5]]
10-Tao9R5_1,75.33719587281249,75.33719587281249,0.0,0.033092925,[[0, 5, 7, 3, 4, 10, 8, 9]]
10-Tao9R9_1,106.5063306704375,106.5063306704375,0.0,0.162972545,[[0, 7, 1, 8, 3, 5, 9, 6]]

10-Tao1R1_1,118.70749322466473,118.71889973739174,9.608923933225668E-5,0.818052978,[[0, 6, 8, 7, 4, 3, 10, 9, 5, 2]]
10-Tao1R5_1,107.5104360286875,107.5186467451875,7.637134406006828E-5,16.153016317,[[0, 3, 5, 8, 2, 9, 1, 6, 7]]
10-Tao1R9_1,93.61922802231251,93.62857598292558,9.985086194934296E-5,3.515902256,[[0, 2, 7, 9, 8, 3, 5, 6, 1, 10, 4]]
10-Tao5R1_1,98.53609451775,98.53609451775,0.0,0.124854658,[[0, 3, 1, 6, 8, 7, 9, 10]]
10-Tao5R5_1,98.62333338056251,98.63196929488123,8.756461602635271E-5,0.637058735,[[0, 5, 2, 8, 1, 3, 10, 6, 9]]
10-Tao5R9_1,102.46630342750001,102.4755489417826,9.022980212348088E-5,0.862306633,[[0, 6, 1, 3, 9, 7, 8, 4, 2]]
10-Tao9R1_1,57.6972298290625,57.6972298290625,0.0,0.025835947,[[0, 1, 2, 4, 6, 5]]
10-Tao9R5_1,75.33719587281249,75.33719587281249,0.0,0.033954343,[[0, 5, 7, 3, 4, 10, 8, 9]]
10-Tao9R9_1,106.5063306704375,106.5063306704375,0.0,0.083509501,[[0, 7, 1, 8, 3, 5, 9, 6]]
10-Tao1R1_1,118.706466885125,118.70850542734145,1.7172966814223756E-5,0.413511271,[[0, 6, 8, 10, 9, 5, 7, 4, 3, 2]]
10-Tao1R1_1,118.706466885125,118.70850542734145,1.7172966814223756E-5,0.328179338,[[0, 6, 8, 10, 9, 5, 7, 4, 3, 2]]
10-Tao1R5_1,107.5104360286875,107.51673288255358,5.85696988932648E-5,13.625009367,[[0, 3, 5, 8, 2, 9, 1, 6, 7]]
10-Tao1R9_1,93.61922802231251,93.62857211196597,9.980951403718201E-5,3.399640718,[[0, 2, 7, 9, 8, 3, 5, 6, 1, 10, 4]]
10-Tao5R1_1,98.53609451775,98.53609451775,0.0,0.082656572,[[0, 3, 1, 6, 8, 7, 9, 10]]
10-Tao5R5_1,98.62333338056251,98.63027384548023,7.037345706953726E-5,0.556658297,[[0, 5, 2, 8, 1, 3, 10, 6, 9]]
10-Tao5R9_1,102.46630342750001,102.47521160273652,8.693760717939335E-5,1.002942075,[[0, 6, 1, 3, 9, 7, 8, 4, 2]]
10-Tao9R1_1,57.6972298290625,57.6972298290625,0.0,0.024577469,[[0, 1, 2, 4, 6, 5]]
10-Tao9R5_1,75.33719587281249,75.33719587281249,0.0,0.030898934,[[0, 5, 7, 3, 4, 10, 8, 9]]
10-Tao9R9_1,106.5063306704375,106.5063306704375,0.0,0.133376488,[[0, 7, 1, 8, 3, 5, 9, 6]]
10-Tao1R1_1,118.706466885125,118.70850542734145,1.7172966814223756E-5,0.345413178,[[0, 6, 8, 10, 9, 5, 7, 4, 3, 2]]
10-Tao1R1_1,118.706466885125,118.70850542734145,1.7172966814223756E-5,0.323615122,[[0, 6, 8, 10, 9, 5, 7, 4, 3, 2]]
10-Tao1R1_1,118.706466885125,118.70850542734145,1.7172966814223756E-5,0.400122468,[[0, 6, 8, 10, 9, 5, 7, 4, 3, 2]]
10-Tao1R1_1,118.706466885125,118.70850542734145,1.7172966814223756E-5,0.393345895,[[0, 6, 8, 10, 9, 5, 7, 4, 3, 2]]
10-Tao1R1_1,118.706466885125,118.70850542734145,1.7172966814223756E-5,0.322680562,[[0, 6, 8, 10, 9, 5, 7, 4, 3, 2]]
10-Tao1R1_1,118.706466885125,118.70850542734145,1.7172966814223756E-5,0.323848101,[[0, 6, 8, 10, 9, 5, 7, 4, 3, 2]]
10-Tao1R1_1,118.706466885125,118.70850542734145,1.7172966814223756E-5,0.397677106,[[0, 6, 8, 10, 9, 5, 7, 4, 3, 2]]
10-Tao1R1_1,118.706466885125,118.70850542734145,1.7172966814223756E-5,0.375998727,[[0, 6, 8, 10, 9, 5, 7, 4, 3, 2]]
10-Tao1R1_1,118.706466885125,118.70850542734145,1.7172966814223756E-5,0.489962931,[[0, 6, 8, 10, 9, 5, 7, 4, 3, 2]]
50-Tao1R1_1,441.75782560921084,531.2295394251398,0.20253566236777312,600.117194054,[[0, 18, 5, 33, 7, 23, 30, 22, 29, 16, 42, 26, 50, 37, 38, 24, 10, 1, 43, 3, 6, 28, 44, 9, 13, 17, 48, 8, 21, 27, 32, 20, 34, 11, 31, 46, 4, 35, 41]]
50-Tao1R1_1,449.9268327743549,531.2295434251398,0.180702071377773,600.133262362,[[0, 31, 18, 17, 16, 26, 37, 30, 42, 29, 6, 49, 28, 33, 12, 9, 5, 10, 47, 44, 38, 22, 13, 24, 23, 40, 20, 32, 25, 43, 34, 21, 27, 35, 8, 11, 46]]
10-Tao1R1_1,118.66382688512499,118.67533983216836,9.702153845507711E-5,2.637257215,[[0, 6, 8, 10, 9, 5, 7, 4, 3, 2]]
10-Tao1R1_1,118.56748521845832,118.5792100920788,9.888776504677721E-5,5.44790504,[[0, 6, 8, 10, 9, 5, 7, 4, 3, 2]]
